input1,input2,output1,output2
[1086 -1573 -6458 -8830],-15288,-6458,-8830
[3197 -8796 -8150 645 -9017],3842,3197,645
[4521 -8084 2177 8352],268,-8084,8352
[2058 -6090 1425 315 4711 3993 -6363 -9161 -445 -423 7704 594],-868,-445,-423
[6245 3965 7830 -229 8304 5673 -9452 3827],11657,7830,3827
[-2067 -4213 -9791 -4164 -2500 8992 -5657 6976 8478 -5637 9205 6835],-2815,-9791,6976
[5891 -7900 5617 -9908 6237 9112 3975 4552 -7839 7037 4222 3326 9376 -2107 5404 1971 1327 92],9866,5891,3975
[6814 -5954 3864 -8422 831 9931 5387],10678,6814,3864
[-4748 -5388 -5661 -1934],-6682,-4748,-1934
[-2225 -7721 -9372 -1097 9629 9830 1550 -8657],11380,9830,1550
[-4135 5583],1448,-4135,5583
[-2361 -7321 4577 -4954 -5779 -3815 8418 -9463 -5717 -9432 9752 -7918 3262 6105 2347 321 3982],-15149,-5717,-9432
[-7558 5878 6942],-616,-7558,6942
[-5056 -1890 -9613 -8533 2092 3687 9334 -8258 5097 -3299],-17871,-9613,-8258
[2714 -7151 4129 -3385 -2185 857 -227],744,4129,-3385
[-8736 -3285 -4918 -8043 8368],-13654,-8736,-4918
[-6341 -5303 -6366 2445 -801 1302 1045 4686 -8959 2302 4715 -8106 4634 -6468 979 -937 6311 -7105 7190 -6808],4747,2445,2302
[7835 -4205 -7793 7416 4757 3980 5360 -9897 5882 -2548 -9835 -2774 42 -8978 -9529],-6979,-4205,-2774
[-62 -4904 -7273 -6567],-7335,-62,-7273
[2748 -9479 2597 9717 -1514 -3207 8453 -2795 -4577 -494 9889],-6091,-1514,-4577
[-1605 2182 157 -2185],577,-1605,2182
[6614 -5968 -3877 6556 -5323 -8915],1291,6614,-5323
[-1419 7675 -9832 2677 3587 -4250 3910 -8975 6851 -1755 2982 5521 -850 -4460 -7079 4695 8990 -1513 -6305],3766,-1755,5521
[-5429 968 -3127 473],-2159,968,-3127
[-937 311 -9958 -2259 9305 9646 9664 -7824],-3196,-937,-2259
[5712 1628 2383 7113 4765],8095,5712,2383
[-2543 -6246 9915 7879],5336,-2543,7879
[-2245 -5627 7219 -9188 -9378 -8980],-11623,-2245,-9378
[-8792 -8424 7075 6155],-2637,-8792,6155
[9305 6287],15592,9305,6287
[4998 263 -854 2816 2012 1569 -4842 -5044 -3957 -3798],-2229,1569,-3798
[5988 -6391 -4984 -9549 -9975 -623 6019 9435 -9749 -3682 -8762 -7330 -8024 -6088],-16140,-6391,-9749
[-6480 5581 -9070 1916 4276 6731 -4402 3818 9157 -4819 -9576 1349 -4668],5734,1916,3818
[6508 -5132 -7179 -7071 -3708 -1783 1307 7560 -5440 -5838 -4223 3514 -4173 7166 -4014],4725,6508,-1783
[-7547 9345 -3344 -5955 7243 4494 286 -116 5762 -1180 -2668 5306 -4291],2638,-2668,5306
[3858 6900 2646 7555 4792 2939],9546,6900,2646
[4653 -1916 -6011 -566 -2782 -2244 2244 8304 -235 6650 9000],-7927,-1916,-6011
[-754 1158 -4867 9798 -2471 9652 7462 9664 9665],4991,-2471,7462
[-4493 -2784 -4438 5820 -7147 5621 -8625 6680 9517 8335 264 -70 -3592 8693 -5116 7812 4339],13433,5621,7812
[2424 -2198 8644 4701 -2575 1999 5576 -804 1770 -172 -822 8986 6546],8000,2424,5576
[3560 -5051 -5862 465 3432 -2473 -9439],-14490,-5051,-9439
[2810 8257 2597 7107],5407,2810,2597
[-6988 -6940 -1060 -6181 2713 6672 -7117 8900 3566 1340],1960,-6940,8900
[4984 9206 -1590 -8807 -1636 2997 2366 6311 -3172 9456 -4887 9575 -6770],14440,4984,9456
[-5440 6128 -8364 -6814 9446 3574 1931 3131 -8774 -1991 9380 8145 -4733 3244],-15588,-6814,-8774
[-3145 -8337 6219 8003 4568],14222,6219,8003
[-2902 -7947 -3957 5732 -7006 -116 814 349 5163 -7829 2110 3258 6025 4554],6081,5732,349
[4006 -1755 4174],2419,-1755,4174
[4445 7347 4269 9061 -809 -158 -5304 6699 -7720 522 8093 -7309 -7093 -9699],15440,7347,8093
[7608 -7743 9846 5149],17454,7608,9846
[4609 -4277 9763 5711 -8061],1434,-4277,5711
[-5620 -4804 -7186 -2524 9075 -4092 -2147 -5161 699 5173],-6616,-2524,-4092
[-600 -5636 699 4759 -4780 -6710 7426 -2917 -3461 2528 2199 5619 -7656 9068 -6896 -6784 3081 -9966],-4697,2199,-6896
[4420 2290 -5780 -1442 -9251 -4020 -6493 9858 1723 289 -338 -4690 -3291 -7608 7120 -7710 7641 4659],-6132,-1442,-4690
[9885 -3537 3242 -6595 -3067 -7874 -9078 5442 -8429 8450 4005 9284],175,3242,-3067
[9275 9867 5141 2152 -7972 4656 -3193 -5968 8587 8391 7354 8276],15008,9867,5141
[-8830 2498 -9692],-7194,2498,-9692
[1354 67 3066 -6218 -6579],3133,67,3066
[-9438 -8387 -244 -2934],-11321,-8387,-2934
[5481 3562 3046 -1300 -4134 -6535 -1318 -8462 3962 578 -9187 -259 4835 -3630 6686 9712 -8484 -5386 -4072 -6592],-2340,3046,-5386
[9331 -3379 4523 6893 -3502],-6881,-3379,-3502
[2959 -8573 2116 -72 6741],-6457,-8573,2116
[-4955 -3700 5468 -5520 -1282 -4868 2042 -455 4373 3406 7234],-2114,-5520,3406
[-6271 416 9024 2849 9086 7048 -2023 -5520 1859 -2025 9972 6925 4143 -6992 9587 -5061 -728 -6628 -7902 3428],4559,416,4143
[1734 3166 3474 -7675],-4201,3474,-7675
[-8398 8391 7367 -5857],-1031,-8398,7367
[-5157 -2685 2662 7800 -9709 -6364 5205 -2623 7206 5840 5327 321],-16073,-9709,-6364
[9355 -3658 9487 6978 685],3320,-3658,6978
[3430 3316 -2585 2134 3232 1719 7434 2340 6858 2792 -4698 -6354 8137],3853,2134,1719
[-9099 -8728 -6343 -8240 4243 6963 -4851 -5118 -5189 2964 2023 -8500 -6509 -1357 9453 -686 4742 -8231 6724 7168],215,-6509,6724
[-7212 551 1287 7599 5400],-5925,-7212,1287
[-7953 5922 316 -8356 -9534],-3612,5922,-9534
[6130 -9160 936 4552 1603],6155,4552,1603
[-4680 8870 5987 1024 -7185 -4247 -8564 -2423],-12811,-4247,-8564
[9514 -5919],3595,9514,-5919
[7428 1128 -5423 -8858 -247 6718 7720 150 -9131 6349],-5273,-5423,150
[1582 2039 -4416 4043 -4950 8191 -9853 -1748 4997 6090 -8384 -6991 3180 -9543],-11601,-9853,-1748
[4322 2192 -9525 -2467 6564 4836 -8235 8617 -5360 -9355 -7431 -5883],-2791,6564,-9355
[-1019 -6291 -96 -7172 -1976 1598 8352 -4887 -5344 -8315 -2611 9742 9016],8723,-1019,9742
[4500 -620 8562 3860],8360,4500,3860
[7195 -8828 -1766 2185 -6571 163 5043 -9072 7278 -512 5731 -2741 303 9626 -9181],7916,2185,5731
[4969 -827 1545 4145 1630 1997 115 -7363 6853 -6172 -4614 7724 -3069 5802 -7229 555],-5733,1630,-7363
[-1832 -2173 -7212 7805 -9177 5996 -1799 -5995 2043],-13207,-7212,-5995
[-5060 8226 -5345 -1849 6851],5002,-1849,6851
[-341 9740 5261 6890 -39 -3907 -5784 9400 -7968 5356 -2431 -2741 4636 -6367 6988],-1731,4636,-6367
[9456 -9813 -2412 -9440 -7656 5765 8479 -6067 5640 4721 3437 -4212 7131 -5253 -6327 5459 3641],10361,5640,4721
[-2680 -4609 4770 -1467 5492 -8055 -6211 3477 -5228 2856 -6307 -6531 2897 -6875 -2719],-9837,-4609,-5228
[6477 634 -9966 1258],1892,634,1258
[-9367 5655 4588 -4447 -6159],10243,5655,4588
[1942 731 -8923 3984 -3357 9048 -4536 -6178 2209 9339 4697 -695 5670 1876],-508,-6178,5670
[-6500 2895 5763 8123 -7862 2384 -8194 -6825 -4762 7145 -3934 9644 -3421 2739 -4059],-11262,-6500,-4762
[6549 532 7727 -2334 -9009 -3391 9683 7766 -5915],10215,532,9683
[4109 -3249 -3474 -5855 2821 -6816 -9005 -9771 6399 -803 7915 8225 -9395 6453 -3743 -7719 -8666 3481 3098],-10198,-803,-9395
[-6 1384 8314 5110 -5216 2962 -3052],-3832,1384,-5216
[-8816 9116 -7522 -26],-7548,-7522,-26
[-6900 4578 6350 -1211 7019],10928,4578,6350
[2050 -9516 2027 9673 2040 6111],-7489,-9516,2027
[4225 -5315 -5629 -2196 -3572 3911 -6566 5465 -2220 1271 -3141 -3670 -3285],-8887,-5315,-3572
[-8077 527 -6036 -8957 -3621 -7830 2461 -7322 -6277 -9995 9304 1310 691 1471 9155 -6523],1998,527,1471
[8214 -5171 6285 4824],-347,-5171,4824
[-7951 4101 -9438 669 5309 258 -9915 2337 -8584 1679 -8872 -3745 9202 1831 227 3376 6532 5867 -7603 5671],7698,1831,5867
[-8486 7472 3357 2415 -1595 -9857 6385 -9921 3563 -7711 -2473 -2156 -9646 -6881],10829,7472,3357
[-9044 -6414 3631 -742],-9786,-9044,-742
[-8062 -3659 1281 -5692 7362 -3139 2556 3366 -7835 -8019 2228 5809 9944 -5450 9885 744 -4186],7090,1281,5809
[7428 473 -7702 9694 -144 6125 -5730 -1868],4257,6125,-1868
[-731 2382 5171 8493],7553,2382,5171
[-1544 4587 9282 -6019 3460 -1335 -2808 -5177 -8190],-8827,-6019,-2808
[4841 714 -9805 -630 -2550 3217 3919 -3373 -16 5284],-9821,-9805,-16
[4616 892 -3998 -521 4668 5952 -1116 39 3148 2050 -8341 497 1535 -4546 8265 -9680 -1551 5242 -6561 -3421],-7844,-8341,497
[-6669 4395 -7264 -8577 -6248 -3088],-9757,-6669,-3088
[-2852 3583 5718 7840 8791],16631,7840,8791
[1161 261 -7819 9426],-7558,261,-7819
[-9183 4673 -1227 8838],-10410,-9183,-1227
[7071 2829 4465 2306 2637 -263],5466,2829,2637
[6961 -5603 7383 -8122 -6790 -2292 7501 -4987 9907 -2657 530 3385 -4903 4536],5091,7383,-2292
[2833 5921 -7096 -9826],-1175,5921,-7096
[1583 -1827 4995 430 5880],-1397,-1827,430
[-6519 -3243 9373 -5957],-9200,-3243,-5957
[9929 5229 -5170 -9879],50,9929,-9879
[-2530 6733 -5749 -5092 6164 7458 -8900 -3743 2263 -6564 -3108 -7162 -4711 2492],-13726,-6564,-7162
[-6393 6184 -719 -9498],-10217,-719,-9498
[5323 -1842 -6406 -2787 4821 -5659 5568 -4054 -8161 359 -7459 -1977 -6864 -6088 1788 3546 -1860 1728 -6852],-3318,-6864,3546
[-400 -6031 7287 -9744 -7074 7309 -6108 9431 531 -6443 -905 -7543 2253],-13105,-6031,-7074
[-2502 -7710 -5818 2452 2005 3257],-2561,-5818,3257
[5350 9291 8493 4529],9879,5350,4529
[4372 7957 -2813 7684 -4702 -7359 9734 1248 9931 7234],17165,9931,7234
[-9943 9408],-535,-9943,9408
[-318 110 -9537 -9926 7608 7731 9198 -2501 3144 4901 8956 7686 -3043 8891 4694 4500 6802 7799],13892,9198,4694
[5191 1111 7769 8574 -1989 -2668 6489 5496 -1318 3567 -2652 -1503 -2435 -9288],10687,5191,5496
[-5077 -6373 3919 5352 -3134 -9078 3063 6981 -558 1952 -4798 -760 8281 -9973 3618],-11171,-6373,-4798
[6048 5129 -4536 -9813],-3765,6048,-9813
[8604 8550 -7604 3362 8047 3123 -2378 6662 -3666 -9594 4738 -5500 5656 6144 2409 -9440 264 1266 530 -2342],-9982,-7604,-2378
[-7365 7605 -2588 4369 -5988 5182 2416 -4463 -2087 3934],-9452,-7365,-2087
[-4764 -2016 1873 6637 -8078 -633 1519 7073 -335 7953 9866 2351 3911 7435 -2080 -480 7189 -4655 -29],9386,9866,-480
[4389 -8097 -9168 1303 130 9278 1980 -1075 7465 3155 8113 2189 8748 8125 -3671 -2863 -5901 -3363 6460],8878,130,8748
[-5846 3044 4315 -7914 -1944 8511 1810 4548 -7723 8561 1302 -4378 -1676 -4145 72],-374,1302,-1676
[1260 -8 580 4414 2578],4406,-8,4414
[4161 -2671 -1141 -7044 7534 3548 -7112 6149 -3165 -7993 -1571 8002 -2755 749 7897 -7045 1736 -7916 1194],4910,4161,749
[4387 -7188 -7826 -6857 -8029 5511 5102 -6784 -6200 9123 8035 -9633 5876 250 -8325 -3587],1835,-6200,8035
[36 -7959 -7944 8231 1494 -6428 9120 -9558 -4568 6845 -859 -563 3564 -5299 -8094 7114 -2514],-10458,-7944,-2514
[-6295 6250 -1904 -6528 -3512],-5416,-1904,-3512
[-4789 6419 4189 8096 462],12285,4189,8096
[721 8436 4140 7103 -6827 1753 4235 5965 1395 4432 -2890 5316 5621],8375,4140,4235
[-6958 4697 -8082 9506 800],-2261,-6958,4697
[7441 9889 -3063 -6437 6781 -575 -3554 -269 -7801 -1293 -4393 7528 8617 4442 146 -5691],-8754,-3063,-5691
[7089 9918 6053 -4008 -4138 -9943 4672 -2114 -6590 7022 7174 -5714 -8005 4235 1118 -1788 -9459 1869 3947 -6471],-2437,7022,-9459
[-9322 -799 -4835 1394 7614],595,-799,1394
[2185 4723 6485 -5758 -5940],-3573,2185,-5758
[-2974 8205 -122 -4913 5768 -4120 -4527 -8494 -8604 9244 3076],-4242,-122,-4120
[1552 1975 -1474 5363 -7016 7299 1378 -9416 2167 5646 7288],-5638,-7016,1378
[8255 6196 9583 -5047],4536,9583,-5047
[-4441 9580 9793 6961 -984 -9400 6494 1792 3949 -1147 4530 -6717 7263 -2183 -7660],89,-4441,4530
[-45 -8906 1397 3883 4632 -9512 3525 -3621 -7363 3874 -3580],-5381,-8906,3525
[-1598 8546 1164 9487 -7407],-434,-1598,1164
[-6577 -2789 -901 -3673 -1486 242 -3382 -5195 3085 7146 8000 9502],4357,-2789,7146
[-7574 -2783 1750 -7099 -5036 -9089],-16188,-7099,-9089
[6131 -5962 2022 5730 3385],-3940,-5962,2022
[1990 483 6009 2582 7626 -504],3065,483,2582
[1535 7083 1176 -3962],8259,7083,1176
[2395 -9135 -9688 -6327 2308 -4600 -8809 -804 -1357 -1440 8438 -2564 -3201],-10166,-8809,-1357
[-4341 9350 -5243 1321 6698 -9068 7795 4672 -3725 3540 -4469 2511 4432 2586 7953 -8135 6355 -661 -8971 -3163],15748,7795,7953
[-1707 -8087 841 -8603 9211],608,-8603,9211
[3371 -5677 1771 8767 6037 939 -580 -4586 -4313 2216 -9725],4454,8767,-4313
[-9272 2198 2345 -5557 -5228 -3162 995 -4652 5778 -9560 -3890 7602 -7440 9301 5981 85 -6280 -8910 -2855],-4233,-5228,995
[4696 -4955 7897 -3437],12593,4696,7897
[8026 -3905 9899 2011 4449 715 -9738 -8545 -5246],-4096,4449,-8545
[7103 -2917 -6477 7797 8349 -3414],4186,7103,-2917
[3370 2113 -174 5711 432 8381 1900 1410 7236 9336 7116 2668 6984 5629 -4714 8307 -2426 7411 -9174 -3644],4985,-2426,7411
[5615 5743 7932 -3768 -2382 2041 8293 -4411 -7996 -1928 7949 8331 1379 9007 -8105],7079,-1928,9007
[-4060 -4245 7093 -1376 3896],5717,7093,-1376
[8846 5183 4593 8248 5971],10564,4593,5971
[8584 4090 5931 3389],7479,4090,3389
[5067 9204 -78 -7869 -5990 653 -7003 8386],1383,-7003,8386
[-2470 282 -3499 -2287],-3217,282,-3499
[3576 -1958 -9069 -3975],-5493,3576,-9069
[-4891 9865 -9332 5482 3874 5933 -2502 2172 -7991 -7598 4788 2843 6020 -4135],5730,9865,-4135
[-8645 6639 7241 -7594],-1404,-8645,7241
[6701 8060 8320 -4582 7662 -320 513 9832 -9268 343 -1701 -8275],-2567,6701,-9268
[-7455 -5923 -9444 -4156 1236 4365 -9174 6125 2961 3337 3980 -1531 -4002],-15097,-5923,-9174
[4026 -9223 4333 5698 -856 -448 -6242 -1437 -1372],-2228,-856,-1372
[4556 3472 650 -546 -3257 -1907 1254 4636 -8885 -3220 3182 8279 9750 797 1760 325 4369 -5198 6415],14306,4556,9750
[-8176 -9469 -8233 6363 -5513 -85 8816 7938 6546 -410 6635 5921 -9014 -1500 8163 3129 7601 8997],5135,6635,-1500
[759 8191 -6208 4011 -7540],-3529,4011,-7540
[283 -392 -4475 -6805 -8573],-13048,-4475,-8573
[-1260 4680 3788 -6245 1201 -5059 2549 -7869 -4277 -4625 -7670 883 8473 -6246 7222 2468],5017,2549,2468
[4351 -2881 -9460 384 8008],-1452,-9460,8008
[5414 -5898 -7376 -8617 1032 -3364 50 -4769],-3203,5414,-8617
[2859 -6251 -4036 8103 630 9319 -457 5730 -6487 2337 182 9495 2598],8862,9319,-457
[-4097 8361 -6295 -5285 -2378 -8631 -5546 -8537 9080 -4251],449,-8631,9080
[-5819 5582 -2884 -8273 -5235 9391 -243 9792 3473 -5385 459 24 4132 -9395 -858 733 -2723],1248,-2884,4132
[-3823 1820 -5248 -1311 9536 -2988 553 -1176 5026 -1414 4095 5665 7794 2033 2557 -6036 2244],3850,-1176,5026
[-2445 -9313 -4990 6940 9398 2208 1454],-7105,-9313,2208
[-8529 1003],-7526,-8529,1003
[-4097 1248 3138 4907 -1444 -2141 -1806 -1363 -4495 7629 -4368 325 1438 3278 -7153 7455 -4267 4236 5446],-8597,-1444,-7153
[72 2066 1440 -4642],1512,72,1440
[-2402 -9628 -7716 4033],-12030,-2402,-9628
[8844 1742 2466 7400 -2908 -3418 3325 -5664 5322 7572 -461 3876 115 8334 9501],5437,5322,115
[4529 3693 3437 5951 -1548],1889,3437,-1548
[-5064 -8498 -313 3490 8978],-5008,-8498,3490
[2114 -5977 -5121 167 8697 -8393 2789 9250 -609 628 2626 -9677],9417,167,9250
[-5861 -5795 4679 5320 -6972],-12833,-5861,-6972
[5485 5377 -9419 -6623],-1246,5377,-6623
[1850 -5057 -1881 9472],7591,-1881,9472
[-2738 4615 6739 3082 2930 4011],9821,6739,3082
[9562 9130 -7222 -1201 -9965 -8033 165 6834 -5769 -6549 21 -9029 4243 -5022 -2294 926 -78 -4659 1925 7891],-2372,-2294,-78
[-6800 -2748 8773 3596],-3204,-6800,3596
[-3433 -9161 3445 -2124 7715 7663 9977 5605],17640,7663,9977
[3205 514 -2381 -3766 3443 -3458],-2944,514,-3458
[-8642 -9003 6408],-2234,-8642,6408
[3755 2335 3778 -2282 8355 3997 -2052],7533,3755,3778
[-6151 3176 -8117 6532 -1127],381,-6151,6532
[-5424 -58 -4350 2893 7519 3322 6599 6632 -9282 8572 6928 -5091],9821,2893,6928
[-5684 -4056 -9177 -9205],-14889,-5684,-9205
[-8805 -4580 -3121 -1955],-6535,-4580,-1955
[2857 7299 -4708 5229 7675 -7226 5411 9037 -5053 -4717 -6632 2367 7179],2462,-4717,7179
[849 8080 -6772 7719],15799,8080,7719
[8952 9720 -9270 -7255 9020 5952 2784 6304],15256,8952,6304
[-5272 -9033 -8187 -7204 1607 8080 -6047 8710 -4444 1837 -157 5470 -2374 9140 -1199 7873 4011 -4089 9605],-5288,-1199,-4089
[7694 7445 8907 9828 7648 -226 5517 -400 -6395 7251 199 3864 7509 -7975 7500 -6066 120 -2570],5117,5517,-400
[7912 -2506 7797 7932 1691 -6449 -175 -4017 -909 -3470],-2326,1691,-4017
[-4390 -621 -3077 5523 -519 9047 -6479 -3161 3277 -9648],1133,-4390,5523
[8119 -1719 -8287 -3720],-5439,-1719,-3720
[7277 233 5491 4055 7355 -4665 2938 -6251 -2277],7510,7277,233
[6439 -7751 6653 -9612 1739 -7458 8134],-7873,-9612,1739
[1363 -8279 -5944 9032 -3567 -2264 -5186 -3729 -4784 975 -6132 164 4379 -5315 -4660],-13594,-8279,-5315
[8543 -1591 -451 -5579 174 8535 4908],2956,-5579,8535
[5998 -946 206 -7679 9165 8096 -3665 619 -6979 725 -5250 -9039 1602 4791],-4248,-9039,4791
[-9886 1339 -2955 9007 -5513],-12841,-9886,-2955
[-555 886 -218 -7968],331,-555,886
[-4690 -3520 93 4982],-8210,-4690,-3520
[1157 -8638 8149 -8046 5368],9306,1157,8149
[7929 -9916 9404 -6533 6605 -8090 -4063 5402],14534,7929,6605
[1707 -1627 5875 3880 5607 -9589 4401 797 8097],-5709,3880,-9589
[5176 833 5719 -3880 -2188 -6693 -334 393 -6426],1296,5176,-3880
[-7205 4322 8481 -5097 -9384 5796],-12302,-7205,-5097
[9736 -9786 2723 6357 9394 -8847 2583 -2830 8929 3851 -1413 -6173 -4599 3009 4386 9221],6564,9394,-2830
[5101 -5904 2308 1500 -807 736 -6937 -8615 4581 -3550 -5785 -7759 -3533 5128 -6315 330 1778 -1651 -5992],-2050,1500,-3550
[2781 1719 8246 4904 6565 -7099 8360 9873 -5805 415 -8588 1897 5629 4025 6868],14925,6565,8360
[-4038 -786 1245 -7842],-4824,-4038,-786
[2462 -8864],-6402,2462,-8864
[9232 326 -9676 -8201 7170 4027 3008 5012 -7976 -4506 5893 9186 -4269 -2440 -9571 1483],-10641,-8201,-2440
[6980 8130 -9290 8032 -663 2159 -6378 5818 4062 8094 -9183 -1935],16162,8130,8032
[4899 -5509 1924 7738 -565 -9972 -4241 6298 8048],11197,4899,6298
[7310 6028 -4331 3568],1697,6028,-4331
[9665 -6565 4526 -9531 -8833 -8245 9373 -4401 -3860],4972,9373,-4401
[354 3331],3685,354,3331
[6678 -1442 -9436 99 6649],-2787,-9436,6649
[-7033 5618 -1105 -5784 -3762 734 -93 -4459 8216 -5708 6695 -5719 3295 4200 595 -6504 -4926 5714 -4113 479],-3725,734,-4459
[-6793 9730 -3351],-10144,-6793,-3351
[-14 2445 -8005 1036 -88],-5560,2445,-8005
[-7135 2149 3279],5428,2149,3279
[-7880 7393 -9723 -460 723 -1527 1341 -8657 -3244 8688 -8613],-1220,7393,-8613
[5964 -8951 4044 656 1264 -6308 2396 7676 -8765 -6511 1554 -3943 -114 2703 3408],5099,2396,2703
[924 -9755 6060 3498 3628],-3695,-9755,6060
[-5908 -7860 1196 -6486],-4712,-5908,1196
[455 3906 7308 6958 -2990 6847 -2038 2665 -7805 -7759 -1317 -9810 -9555],-2502,7308,-9810
[-938 -5065 -4149 6255 8976],2106,-4149,6255
[-1562 -4664 1361 -3071 9280 -1467 367 8905 7710],1728,1361,367
[-7377 -2755 -8041 -2644 -9700 -8796 4497 -298 1239 -6873 -3511 4699 8249 -9918 -7293 8084 6054 -6396],5440,-2644,8084
[-7653 -4873 -2369 4138 -3035],1103,4138,-3035
[4551 -7 -7715 -5924],-13639,-7715,-5924
[661 7216 7978 8402 9049],7877,661,7216
[6426 -667 9728 -5854 4301],10727,6426,4301
[6908 7416 4863 4251 -2638 935 -2087 4340 3329 -7623 -2003 -9087 -3510],-1671,7416,-9087
[-9041 -6780 -2037 -3910 -8036 -3294 -2500 7952 -5626 -7550],-12951,-9041,-3910
[745 3386 -1651 -9741],-11392,-1651,-9741
[-5996 582 -7342 -6422 9705 -420 -2574 3568 -8427 -1181 2447 -1045 4939 798 -1012 1816 -3207 5894],2365,-2574,4939
[8937 -7423 -9644 -995 -1677],7942,8937,-995
[-5380 1283 -3576 -1881 -3416 -8869 -7872 3262 8188 -3101 5377 8789 -6100],-4610,-7872,3262
[2270 5354 2213 6143 -8336],-6066,2270,-8336
[4503 728 3245],5231,4503,728
[1649 -5439 -4148 4173 8870],5822,1649,4173
[-4614 -1551 9272 9144 -4487],4530,-4614,9144
[2780 6440 6053 1536 4972],4316,2780,1536
[6175 7929],14104,6175,7929
[-5503 9245 -5199 3479 8012 3449 9376 -4973 4095 8255 1322 9646 6936 -9985 -911 7006 -1160 4451 -9165],2509,-5503,8012
[-1994 -5777 269 -1953 -4297 -3923],-1725,-1994,269
[-7499 -7151 6869 -136 -159 -2000 -8629 -4942],-8765,-136,-8629
[-5999 3084 -9765 -7701 -5552 -6131 6903 -2113 6800 7475 2541 -1742 9578 8501 8221 6458 -1108 4577 -8818],-597,8221,-8818
[-3681 5679 7077 -8997 7971 1644 256 6840 -259 7872 7630 -9161 5366 2807],-3631,-8997,5366
[-4169 2812 523 7476],-3646,-4169,523
[7034 -5153 -7776 -4051 876],-3175,-4051,876
[6886 -3928 -5268 -522 8090 5894],2958,6886,-3928
[8276 -3278 -5552 -6073 -1014 8303 8044 4036 2298 9729 2402 -8726],3656,-6073,9729
[2159 -7846 -6244 -6515],-4085,2159,-6244
[-4721 -3366],-8087,-4721,-3366
[-2144 5447 1980 -7269 -2824 -7859 -1611 -9155 -1060 -8039 8549 9931 9202 9772 -1604 -5544 7972 2574 -5421 3661],-11299,-2144,-9155
[-6316 848 4129 8591 -8752 -9878 -5776 1752 -3559 4060 3209 -4196 -8194 5489 2553 -4280 3670 -5540 1755 -5393],9159,5489,3670
[-7418 7011 8781 -367 -9893 -6762 -5673 9940 5258 -3559 -359 7610 7363 4891 6882 2285 1355 7680 -1380],5631,7011,-1380
[3634 6014 9525 -1395 3261 -8145 6075 -2040 3750 -9553 7809 -8522 6928 -3149],-11294,-8145,-3149
[9786 -4660 9674 4693 -3798 -1792 -5945 1573 -4539 8535 -4738 -6241 9871 7041 4293 -7626 5825 1957],8079,-1792,9871
[7122 8633 -1078 7506 560 9270 4473 2933 -6128 -5376 -2701 3366],3142,9270,-6128
[-97 6209 -7192 -8106 1388 2526 1168 2627 9080 7194 -1828 -8123],8582,1388,7194
[-7837 -7442 3709 6274 9008 3778 5002 -951 1614 -2590 1990 -7015 -2315],6616,5002,1614
[1153 -6813 -5491 998 4181 -3790 8206 4932 4943 6868 7195],-9281,-5491,-3790
[4793 -3532 7182 1743 8096 6774 8598 -5968 -5169 -6364 6837 9743 -6855 -2996 -9891 -688 8935 8730 -356],-3426,1743,-5169
[2859 9740 -2821 4138 1332 -2827 -6207 -5114 5750 477 -4471 -6057],-1919,4138,-6057
[-5268 679 -2873 3259 7077],-8141,-5268,-2873
[4753 -3159 -8537 -8183],-16720,-8537,-8183
[-9534 8425 -4981 909 -3221 8857 -3568 -7587 -8166 6115 1106],-7060,-8166,1106
[-1749 -6196 6385 3997 8177],10382,6385,3997
[-1469 3709 -2514],-3983,-1469,-2514
[-8794 -7970 8047 328 -5502],-16764,-8794,-7970
[4258 5361 9977 -4721],640,5361,-4721
[-4962 -5549 -3472 4393 -1599 -8202 7496 -4924 -1090 -6300 6244 9065 4487 -9091 -2755 6586 7082 5419 -2952],7466,-1599,9065
[608 -9269 3393 -249 -6020],359,608,-249
[6136 -4360 -5928 2707 1101 -4810],8843,6136,2707
[1675 7985],9660,1675,7985
[3111 8850 5984 6527 966 -3473 -8112 274 -7897 -7373 -9512 9196 -2813 -509 4645],13495,8850,4645
[381 -9353 -1337 8298 -9059],-10690,-9353,-1337
[8773 9269 9440 6771 1198],9971,8773,1198
[473 -853 -6740 -6184],-7037,-853,-6184
[-2063 -8741 4676 4845 8566 -2876 -9890 8434 -3943 8968 -2366 3348 6546 3421],2310,4676,-2366
[-3371 2321 -2256 -1322 784 -6222 -1411 5995 -149 1185 9568 -5662 -2830],-227,-6222,5995
[9188 -4062 -5353 -9484 8199 -1343 4320 -3886 5816],10136,4320,5816
[788 -2693 2461 1282 -582 3324 -5062 -7635 -1512 -5906 2467 -7567 2947 -2952 -8574 -2289 4052 -6603 -5356 -9918],949,2461,-1512
[5882 6982 -5271 -2542 -9092 640 -5873 -658 9012 -2491 9991 -8694 -3998 9310],9333,-658,9991
[-1632 900 -3166 9975 5825],6809,-3166,9975
[6223 -6421 981 2656 2596],7204,6223,981
[-2353 -2110 -9870 7688 -3929 7230 -3376 4318 -5829 5604 -2413 6025 2246 4136 2952 395],-6039,-2110,-3929
[-4700 -4891 -5175 -7610 -2266 -761 -4085 1857 4160 -4688 -8029 1885 2663 1236 -8214],-6144,-8029,1885
[9069 -8562 -9358 -1728 2829 -4436 8285 -7475 -3963 2960],-1134,2829,-3963
[6657 4383 -3792 -7230 -886 9515 4716 -1731 -5810 -1916],4926,6657,-1731
[-5470 4928 -3878 -1354 2308 7159 -1722 -22 9957 2952 7338 3420 -6168 -6097 -2571 6184 8657 7511 3214],991,7159,-6168
[-7808 -6336 -9036 4155],-3653,-7808,4155
[6557 -287],6270,6557,-287
[-6447 -4638 -2037 -3139 3562 -5882 -594 -2958 8157 -7332 6003 7157 2399 9882 -7475 -7747 52],-3483,-5882,2399
[-5367 2630 3764 9619],-1603,-5367,3764
[9120 1551 -2253 6967 3084],831,-2253,3084
[4082 1413 4043 -6099 -7001 9681 5420 9906 7706 8031 4080 9901 5380 8641 -3960 2184 -2707 4651],19587,9681,9906
[8082 4196 2284 2389 -9222],6585,4196,2389
[7605 -5610 5087 4403 -1595],12692,7605,5087
[8629 2230 7377 5405 6269 -3349 6949],9179,2230,6949
[3012 8792 -3941 -9410 -3205 7033 9437],5587,8792,-3205
[9295 -6757 -7974 1708 6578],15873,9295,6578
[4923 -8111 5075],-3036,-8111,5075
[-6101 6525],424,-6101,6525
[3268 -5300 1181 -4654],-4119,-5300,1181
[-1585 -1030 6263 2550 2035 5568 2455 -3182 -6626 369 -8960 8190 402 3198 -3493],3983,-1585,5568
[-3222 -147 -9544 5519 -496 -1505 1729 -7260 251 8131 300 4858 4409 5422 2717 7553],-10040,-9544,-496
[7298 3320 6313 3596 6615],6916,3320,3596
[-9687 -9786 -100],-9787,-9687,-100
[2828 1729 3540 227 5626 -6722 2790 8013 1950 9719 -1671 1634 -7721 -308 7216 -5944 8693 4541],-7615,-1671,-5944
[-4814 -7243 -9442 9776 -5521 7171 -7416 4761 -9723],-10335,-4814,-5521
[4607 9239 2578 -7864],11817,9239,2578
[9203 -4749 1553 6373],4454,9203,-4749
[9440 9307 -5990 9422 -5894],3528,9422,-5894
[-6 -6910 2943 5301 6921],-3967,-6910,2943
[4096 2653 587 4563 4190 -5149 464 -9630 -2268 -3117],-5067,4563,-9630
[4037 5414 595 -7388 8678 -9532 2637 4010],-6895,-9532,2637
[-7980 -5322 -9802 -2484 9113 -3434 -2962 -5526 -5379 -7067 8375 9862 -1308 -7795 -2447 -6530],-5409,-2962,-2447
[-9284 -6165 -3276 -3082 9307],-9247,-6165,-3082
[-43 -9606 7787 8871 -9357],-735,-9606,8871
[-912 -8233 6903 5788],4876,-912,5788
[-3044 6354 469 -9477 -4948 -7098 4616 -9736 -3503 4409 -2091 -4713 2034 5922 4419 425 8768 -8158],-2236,5922,-8158
[4724 5152 -7469 -4584],-2745,4724,-7469
[-9881 4224 8771 -4732 -7650 -8942 -8663 -7954 6250 803 -6875 -5820 -94],-11607,-4732,-6875
[2688 -3196 5595],2399,-3196,5595
[8000 -9956 6486 -7585 8764 -5393 9857 -5657 -4799 6581 -772 8923],829,6486,-5657
[-8560 -784 467 -3294 6204 4234 -4284 -8623 652 1134 78 -6261 -865 9761 -3184],-132,-784,652
[5154 9057 -8128 6681 -7510 1820],-6308,-8128,1820
[143 -143 -4204 -9031 9389 2372 2940 3327 -6915 -3001 -5793 -6252 6341],-13167,-6915,-6252
[529 -3152 -9740 -9758],-12892,-3152,-9740
[-6602 -8025 6905 4146 -1128],-2456,-6602,4146
[5782 -6122 -2510 5211 2704 1684 6170 -3867 -9268 -2232 217 5809 9130 -1 -5186 -2422 -1946 962],2703,2704,-1
[-794 9313 -4477 -3622 6617 -4382 2039 -4254 -325],-4416,-794,-3622
[-8922 5453 178 -2898 6998 -7209 -5317 149 3368 8939 -301 -9740 534 503 6055 -8240 9353 -9234 -6803],202,-301,503
[-6516 -4584 -3437 412 9486 -9557 4155 5643 -5284 -8945 -1132 -4903 4512 9105 -3356],6055,412,5643
[5488 -4638 5425 -9136 -4514 -7263 6615 -3710 8795 -9206 1640 5983],4281,-4514,8795
[-3665 -56 2107 -9801 4397 4962 -8133 -6764 6380 -3358 -9471 1860],2715,-3665,6380
[-5182 1034 8935 -4089 -6496],4846,8935,-4089
[5947 -9658 -1190 -8 -2904],-9666,-9658,-8
[-7954 -3969 9720],5751,-3969,9720
[9536 1110 -3273 -9390 -707 1775 7401 -8979 -4046 -3360 6392],-12750,-9390,-3360
[6804 2494 2044 2702],4538,2494,2044
[-8831 9888 -4553 4339],-4492,-8831,4339
[636 3389 -9836 -4925 6 -9897 -1283 3140 -8079],-14761,-9836,-4925
[-3442 -8834 6611 -7882 1040],-2223,-8834,6611
[8284 -7125 8978 2169 -6741 6752 -517 -1682 -2371 9274 -6076],2149,-7125,9274
[-9115 -5988 2926 3979 8208 -8212 -4191 6332 9556 1051 -1982 1993 -8844],-6219,-8212,1993
[-2643 -4487 -4825 -2292 -1722 7761 -9228 -403 9977 -7983 -174 2895 2982],-12808,-4825,-7983
[5139 122 -6383 -8757],-15140,-6383,-8757
[-6388 -3677 8267 1920 -2740 -1307 -2400 2204 -8324],-8788,-6388,-2400
[-5471 7109 -1171 6568],1097,-5471,6568
[3680 -589 8198 -6557 -8118 -5138 7711 6517 -8774 -1823],14228,7711,6517
[1706 -3230 -9528 -7222 6690 7844 -3362 -8300 4356 -346 7264 -1074 521 -9437 -4199 -3035 8468 -2170],4482,7844,-3362
[8487 -3292 1221 -7971 9608 7526 -4718 9274 1848 -6676 -760 -3378 2106 9859 -1129 -3849 17 -2261 -5456 -4988],17761,8487,9274
[-6422 -5089 -9599 -5976],-11511,-6422,-5089
[578 593 -28 4478],5056,578,4478
[-7779 1351 2517 5916 8103],14019,5916,8103
[-2213 -8399 -8659 8032 8554],-105,-8659,8554
[952 -3878 5586 2770 6748 614 -2057 8763 6063 -1432 469 2028 2210 4995 -8569 3194],-3489,-2057,-1432
[7160 1873 7595 1753 5979],7732,1753,5979
[4753 -3912 5719 -3817 -7014 -4469 3862 5274 1251 4437 2503 9394 328 739 7372 5997 7714 2728],13711,5997,7714
[-475 -5958 -6439 2154],-3804,-5958,2154
[-9304 -9547 -7939 -7328],-16632,-9304,-7328
[2435 -4958 -3831 -2110 7380 -4787 1125 -3574 -891 -5391 3979 -4578],5270,-2110,7380
[5369 -7258 -1362 5201 6900 -8457 -2001 -2321 2891 -5206 -1246 -2130 -5167 1334 -2313 9981 -1452 8465 5557],163,5369,-5206
[8265 -2939 8463 2582],5524,-2939,8463
[-8250 2457 -7705 -9145 -5718 5995 1650 -1517 4771 9338 5067 -6858],-17395,-8250,-9145
[922 7780 4467 -2221 3439 2298 3459 7209 -639 7215 -7183 1749 1078 -4814 -6366 -1991],-2516,2298,-4814
[5595 -4090 -7098 -4252 -3491 6371 -5518 -5224 -1580 9362 4254 -4112 3471 -2299 8504 3350 7904 -5944 -3221],7063,9362,-2299
[3381 6911 -1250 493 2492 -442 5420 -3066 4437 3891 2889 -9008 -3793 -9642 -9488],-5205,4437,-9642
[-8503 -5455 4294 2646 -2246],2048,4294,-2246
[-6087 4822 5359 6339 -9760 1732],7091,5359,1732
[-1007 726 483 -6620 5035 -5172 -5607 5742 -5214 7930 -290 -3882 8197 -8845 -1794 -8507 -2162 9055 5670 -2089],-14017,-5172,-8845
[-175 -6860 -8290 4352 9261 -3981 -4614 7770 -977 1571 2378 -6457 -1609 -8025],-4079,2378,-6457
[-7718 -358 4924 5363 5062],10287,4924,5363
[2342 5185 -4431 6754 -6097],-3755,2342,-6097
[-6034 8794 5495 -7352 -6998],1442,8794,-7352
[-9220 8481 6492 1890 -3178],8382,6492,1890
[-7085 8776 -823 7586 8034],1691,-7085,8776
[-3286 1237 -8892 -2784 3899 5776 -2699 5603 8 -994 -6881],2317,-3286,5603
[7971 2672 7591 6217 7247 4619],14838,7591,7247
[-3815 9181 -1768 175 -9812 6197 -6524 -6828 8674 -9011 -9162 -2774 8930 -5859 7188 -5325 2312 2597 -9108 1449],-7500,-9812,2312
[2309 6046 6927 -8634 -8616 5884 4346 2599 7137 4325 -9496 2406 -6077 -8610 -4914 -3030 3458],-2619,-6077,3458
[3708 -5958 -2803 -7760 -6802 -5085 7421 9579 5901],-9605,-2803,-6802
[8405 1292 4607 -539],9697,8405,1292
[707 -3647 -4731 8163 -3427 4656 4515 -4099 -8428 8888 -8442 -1314 -6966 589 6278 6129 -1742 5583 9492],12678,8163,4515
[-6300 -4109 -1454 -1374 8811 -4622 -8781 -6429 4096],4189,8811,-4622
[-7837 -2948 5665 -5738 -2698 1364 3757 5885 2068 4637],147,-5738,5885
[-2045 5487 5644 699 -9868 -1837 -1964 27 -6413 -5359 -2864 -9479 -7702 4074 -1398 2263 9362 -8498 -9634],-1265,699,-1964
[4484 895 -1357 9636 4275 9323 4759],5170,895,4275
[-861 5221 1786 -5853 -346 -9896 -7852 9745 -9883],-17748,-9896,-7852
[9617 -7148 -9596 -4474 4707],2469,9617,-7148
[-8999 1338 7278 7040 6822 7703 2749 -4737 7538 -5490 7128 -6415 1808 -9053 -7536 -2919],9511,7703,1808
[7543 -6911 -6647 -3775 2997 5843 -1245],-1068,-6911,5843
[-6755 -3210 2418 9639],2884,-6755,9639
[-9969 -4650 -4140 7863 7065 7940 9458 8046 -8253 8418 -4278 7954 6792 1776],9716,7940,1776
[-5515 8800 9526 6581 1510 8043 9724 4933 6022 -272 9535 4656 -5910 -9053 -3633 -2306],-2472,6581,-9053
[8845 4536 6460 3770 7368 8113],16958,8845,8113
[3265 -83 1132 5478 -6757 7646 1027 -7942 -4516 -9229 -366 8151 5575 -1708 8931 9957 1168 -9367 -2221 2469],944,-83,1027
[-245 -2326 -2029 7323 1281 9566],1036,-245,1281
[-9817 266 -3979 4001 -5126 5907 -5726 3988 -9904 8181 -488 8135 -3718 857 -5119],3009,-5126,8135
[1032 -6014 2772 -6945],3804,1032,2772
[-998 4333 -1029 -1263 -3525],-2261,-998,-1263
[-3053 7500 4154 -8652 5817 -9316 6289 -6441 -3095 -7337],13317,7500,5817
[2181 6771 -5492 -8241 -4833 3864 6581 -5938 392 -1295 6039 3954 8202 -8684 3831 -4757 -8328],-1984,-5938,3954
[3617 8557 3459 8024 -3672],11641,3617,8024
[-2972 730 -6427 -5066 7918],2852,-5066,7918
[-2480 -4731 -2979 5967],-7710,-4731,-2979
[1351 8149 7538 -2506 -6292],5643,8149,-2506
[5999 4155 -1551 -4577 7127],5576,-1551,7127
[3885 -9568 -2953 -1152 1482 -476 -6143 -9553 -8004 2631],2155,-476,2631
[7349 5559 655 6667 9662 2419 -887 -3936 -6483 -1902 -9023 5220 6703 -6118 4311 -5425 765 6809],639,9662,-9023
[740 7605 -5688 3147 -4247 -1511],3358,7605,-4247
[-5510 -5754 9117 -186 -2435 2748 4972 -4156 -5072 -5341 -6071 5607 -5676 2832 -7348],6682,9117,-2435
[8026 5925 8190 -1044 -5870 4810 -6922 6088],6982,8026,-1044
[-5899 3131 -5574 5006 445],-568,-5574,5006
[-1506 -3356 -1585 -1904 -4586 -43 631 -2700 -7370 -7144 5467 3682],-9274,-1904,-7370
[1230 6957 -3611 -8010 -9202 -571 -176 4469 -7509 -2685],-11621,-3611,-8010
[-6135 -9948 3627 -7647 -6739 5237 -3565 200 4226 -2658],-13513,-9948,-3565
[2379 629 -7254 92 8610 -3893 -9533 -2756 -796 -1458 -5193],-10991,-9533,-1458
[-7688 -1575 -7579 7069 7200 -4892 -4877 2168 -8426 -1277 -3038 -5802 3517 6436 4133 -6380 3732 7574],10801,7069,3732
[-1738 8413 -7612 7453 2790 -4623 -977 7682 -5004 7319 -3528 1326],-4822,-7612,2790
[-228 -2056 9702 -9401 -6462],-9629,-228,-9401
[9773 7880 3476 2045 2412 1158 4210 -6351 8626 -81 -6721 4986 -7125 -4774 5899 -8676 2864 1729 -9698 4571],-5200,3476,-8676
[-8687 -4784 9162 4805 3432],12594,9162,3432
[4327 -3945 6232 4121 5807 -5114 -8611 -3109 3160 7203 2398 -9141 161 6462 -9279 -1538],-4490,4121,-8611
[-9234 -8093 -4060 3301 -3757],-17327,-9234,-8093
[-4450 -5082 -9281 3211 -5062 -6888],-11950,-5062,-6888
[5970 -501 5184 2197 4722 8607 2709 1045 -1313 2546 3784],6493,2709,3784
[7405 -1970 -2088 -2521 -7598 -9659 -4515 6947 1052 -7758 -6808 -712 245 -8184 2747 -545 2277 -1018],-5437,-8184,2747
[1949 3671 3603],5552,1949,3603
[-5384 5575 6416 -2871 -3164 -9329 -871 9390 364],3252,6416,-3164
[-1091 -9251 1331 -1440 9667],8227,-1440,9667
[-2396 -1404 7824 5015 1628 -7785 7035 4888 -8521 1753 8860 -9699 -6259],-2664,7035,-9699
[-3136 -8366 -3404 -8185 5833 4690 -7807 -5214 1204 1495 -5281 7342 5237 -7084 2014 3267 -1376 6198 3340 4627],11435,5237,6198
[761 6642 1196 -8907 599 9746 9925],16388,6642,9746
[-6195 -2150 4409 2415 -8400],-3991,4409,-8400
[-4391 -4985 617 -4581 -6738 -5698 90 3138 4990 5198 5275 -7278 -425 7122 8116 9411],-4895,-4985,90
[-8229 -2613 -1004 1398 8428 -1495 -9500 -645 1989 -7772 398 6795 5844 -2999],-6831,-8229,1398
[-9512 8345 2656 6993],11001,8345,2656
[-1713 6715 4234 757 62 -3404 4061 -3584 6328 2755 2785 -5328 -843 5120 9928 134 -7026],-6171,-5328,-843
[4737 6543 -29 -3613 2309 9944 8814 -8917 2634 -9760 -3998 9185 -6027 -5213 -6787 -5488 1752 6930],5572,-3613,9185
[-8279 -5424 6916 9854 50],-1363,-8279,6916
[-7973 6337 -3794 -277 -8070 4223 2973 8794 6929 8272 -7958 -1711 1174 -1382 -1920 9906 5530 -3008 157],-7816,-7973,157
[2358 -2868 6269 1282 5745 -8453 5146 9842 -3037 9274 -4334 -4393 -6564 9629 -2665 4787 8754 4327 -2454 -8411],1662,-2665,4327
[3576 -3688 9199 6730 -9162 -2798 6738 7886 673 -2065 -9000 9106 -2768 -8715 4171 -914],12775,3576,9199
[-8711 -2718 -2117 -8788 -6984 -3546 218 6847 -1002 3263 1122],1340,218,1122
[-9592 -7001 327 -8947 7373 -6295 5647 -5768 3161 -5539 -9281],-2607,-5768,3161
[-2237 -2971 -443 2139 5497 1298 4130 -9177 -9749],-5208,-2237,-2971
[6993 8869 5571 2997 3565 7266 -1485 6050 9805 4347],9136,5571,3565
[9316 -8371],945,9316,-8371
[3029 -6486 -7619 -1856 -7832 -6046 -9815 -2823 -3911 -8927 -6138 -5000 3053 -3894 5210],-6734,-2823,-3911
[-3528 -6830 6154 -4528 -4436 2653 9335 8888 -8172 -9400 8988 -5345 -1566 7564 -8787 -9093 649 4804 -3753],3811,7564,-3753
[-3056 1969 -6225 -99 -8277],-14502,-6225,-8277
[-6068 -3532 -6422],-9954,-3532,-6422
[5065 8040 1731 -39 -3536 -6370 7561 -3652 -619 -1982 9209 -5251 -7698],-5518,-3536,-1982
[9596 4862 4376 -7838 -9590 1695 4848 -1452 866],3396,4848,-1452
[9166 -7172 6677],15843,9166,6677
[6008 4930 9642],14572,4930,9642
[-806 4881 786 -3645 -5618 9511 -8444 2076 -92 -7619 2740 -6286 -9287 6857 809 2429 5943],10824,4881,5943
[9797 4033 4453 2644 9905 3060 7225 6793 -5515 -8959 -325 -311],16698,9905,6793
[8720 -747 4388],7973,8720,-747
[-2589 4300 6474 202 -6970],1711,-2589,4300
[-8343 3924 -9579 -81 -9282 -4461 7881 -2466 -459 3724 9707 6242 -9427 6219 -4271 7669 -4119 -744 -6382 7370],13589,6219,7370
[9445 -3122 -6466 5521],-9588,-3122,-6466
[-8790 689 1955 3715],-6835,-8790,1955
[-8034 -5378 336 53],-13412,-8034,-5378
[-9906 3070 5078 4970 -5181 8888 -1610 1336 3068 214 6277 8287 6076 3511 -5079],-1568,3511,-5079
[-5977 9154 -8635 -7971 -5713 -4045],519,9154,-8635
[6191 -2083 6941 -4178 306 2459 -5295],2763,6941,-4178
[2799 -7984 -1820 -3623 2342 -8 365 -1941 6007 -7023 -8968 3913 5004 1421 8366],401,2342,-1941
[7740 -5735 1990 8820 -9711],-3745,-5735,1990
[7256 1265 234 -7385 8870 -4222 -9032],4648,8870,-4222
[-4430 -1852 8744 -6449 3683 1303 -5122 -9379 -2721 4157 6465 8165 -4896 -6626 6262 -5980 4255],2305,-1852,4157
[-8262 5768 -881 1491],-9143,-8262,-881
[-3985 -8630 7322 -4565 6425 -739 -2278 -6110 6835 7524 5722 -750 -1793 -8665 4233 -5868 5007 8833 9813 4059],-1809,-5868,4059
[4955 4934 2880 6390 -6612 -9584 -8011 5884 7960 5459 1028 -8076],-16196,-6612,-9584
[5490 -4875 -123 -4309 4236 -9267 -7742 8167 7221 -3966],425,-7742,8167
[-9965 -5473 -9623 -3830],-13795,-9965,-3830
[5789 -2458 -8226 -393 7007 1958 -2030 -2026 -4213 -9520 7825 -4571 -8512 -5159 -9189 -9899 3156 -1160 5003 -2703],-9386,-8226,-1160
[2373 -9374 5386 -3675 -4061],-13435,-9374,-4061
[8857 379 -3535 1838 -4542],-3156,379,-3535
[-4611 2483 7653 -4531 7215 1145 -9531 2817 8645 2688 7183],8798,7653,1145
[-4567 3714 -2570 -7306],-3592,3714,-7306
[-2363 5021 6435 9018 331 6908 -2238 4640],5352,5021,331
[3643 -7205 5249 9406],14655,5249,9406
[-2616 -4341 -5934 3710 4532],-2224,-5934,3710
[8419 4281 -8867 -184 -7710 -7183 9925 1645 4050 122 -9816 -6205 1917 3520 -557 -3342 8179 -4979 3164],-7899,-9816,1917
[-5081 198 9239 -6782],4158,-5081,9239
[-258 8246 -3430 7119 -5034 7468],2434,-5034,7468
[-104 -5758 255 2251 881 -3461 7360 -7896 -8798 4153 5772 3650 2812 -8007 2896 8535],-13765,-5758,-8007
[-3502 -2974 7127 -831 -1386],-3805,-2974,-831
[-6589 6299 -7001 -8419 1547 -7584 -4712 9234 -7247 -1736 1099 -3676 -2217],-15008,-6589,-8419
[3965 1052 -1195 -4008 3316 782 6504 5196],-2956,1052,-4008
[-6051 2034 8351],2300,-6051,8351
[-4071 9192 -896 2958],5121,-4071,9192
[4946 7543 5170 -726 -7323 8229 -8872 -3944 5278 7122 1289 -6217 -630 -7972 -6643 -6809 -8894 -9387 -937],7503,-726,8229
[-7168 5624 7427 2023 5242 5402],-1926,-7168,5242
[-5116 -3969 1381 -6870 9165 -8217 -6783 -1063 5183],-5032,-3969,-1063
[-7803 -5840 -623 -8327 -6417 -1074 4951],-1466,-6417,4951
[3398 1027 3996 -9010 -655 -3975],21,3996,-3975
[7988 5138 -9303 -2835 916 9560 4905 -6215 2059 -6273 7890 -9204 -426 3106 3233 2587 -1719 -118],9134,9560,-426
[8489 -3122 -1761 3484 4864 4649 7971 -3773],-4883,-3122,-1761
[7208 3787],10995,7208,3787
[-8514 -1484],-9998,-8514,-1484
[1953 2228 9477 9975 -2648 139 -6169 1070 1178],3023,1953,1070
[-668 -7279 -1387 -6938 -4749 -4759 1149 -1750 6659 5689],-1249,-6938,5689
[-3737 -6844 8384 -1117 2323 165 9156 -9995 -9684 498 -6007 3975],-5709,-9684,3975
[-6096 -4046 -2883 9114 9046],-6929,-4046,-2883
[9980 -7834 -405 5893 -2445 1018 -3287 -7420 -1828 1551 8974 8614],-8239,-7834,-405
[-4239 -9489 -9224 -7135 2376 -50 -7600 8502 -3084 5331 -2829 6059],2326,2376,-50
[-9310 9044 -3670 8133 350 6371 -8905 -2783 9534 3717 -4061 1996 -9583 8902 5596 2471 7829 6011 -2969],-6844,-2783,-4061
[-158 4468 7891],12359,4468,7891
[-4103 -4261 -6702 -9953 -3710 -3064 -7642 -8064 -4135 -2137 -1083 8607 9701 2157 2185 5512],-4441,-9953,5512
[-4379 9906 300 -5322 -8371 -4281 -6981 1117 -1003 9038 -3437 7082 6089 3941 2361 -6428 -303 1509 4922],-10807,-4379,-6428
[6934 9799 9801 -906 -8806 -1688 3077 -1203 4525 5550 1141 -8482 688 6980 -8844 -3198 -4509 -3732 5455],6601,9799,-3198
[-6425 7025 -4839 8715],2290,-6425,8715
[3132 -1258 -8037 -9186 -5183 1409 -6834 -7719 -6255 1984 -5691 4074 -9461 -4247 -8958 -5239 -9303 4141 6335 5205],4541,3132,1409
[-471 -3232 -231 -4321],-4792,-471,-4321
[-5888 2684 4436 7233 -8849 7566 -1399 1250 -51 1808 1447],4492,2684,1808
[1612 2905 -6620 163 2197 -1526 -9887 -7016 -965 -7966 -4969 7364 9038 -2699],-7690,2197,-9887
[6388 -6457 3614 7536 -5925 -7276 -2706 -9034 111 -9016 7748 -8260],-18050,-9034,-9016
[8001 4282 -4160 9178 8977 6080 -4021 -1571 2912 7286 837 -7103 6731 7021 -8 -4813 -3526 -2484],5715,-1571,7286
[5329 2978 4783 -4021 9131],5110,-4021,9131
[-9638 1354 499 5889 4279 -3402 4476 -1009 7703 4275 7228 -5656 -7778 -4365 -5679 -8493 289 4104],-15317,-9638,-5679
[8778 -5264 5050 8681 605 6483 9098 -1588 2199 5180],10880,8681,2199
[-8301 -8638 9544 4646 -985],14190,9544,4646
[-6467 8229 9024 5769 -3975 5576 -3834 4330 -7483 -4598 -7409 432 -9372 1231 9400 -9035 -7017 3953 -3368 2116],-4166,-4598,432
[-8820 -6550 9992 -9660 -790 -2021 -211 -9096 -3120 -7438 1530 9644 -8328 -4418 -1107],-4227,-3120,-1107
[2311 -5555 2016 7316 -6470 -1222],-7692,-6470,-1222
[-2079 6119 7133 8025 -4551 -4875 696 3889 -2566],7829,7133,696
[-9490 5459 8082 -6933 2498 -6813 -2706 -7056 -4623 -5218 -7987 -7927 -5568 -4577 -7622 5415 -1685 3692 -7133],-12564,-7987,-4577
[-6240 3013 -5933 -1468 9308 -3985 -1446 -4871 7242 -6961 2990 6529],-3227,-6240,3013
[-1817 4668 1291 4679 -7089 -9932 6572 -8926 1676 2649 -4769 -449 7459],9347,4668,4679
[1642 -3214 4150 -5407 2300],-914,-3214,2300
[-5637 -5059 -8545 9419 9696],4360,-5059,9419
[-1142 -8010 -1300 6651 3801 2628 9721 9830 -2640 -5032 3611 4355 2818 1540 2312 6932 -1488],5130,2818,2312
[-2869 -3201 -4371 4272 -145],4127,4272,-145
[7354 1486 9112 691 -6830 9550 -2794 8836],-2103,691,-2794
[1592 8380 3112 9177],17557,8380,9177
[-9520 6991 -8595 3599 -7429],-5921,-9520,3599
[3671 2998 -3702 -4383 -6016 5782 -3667 -4170],-7837,-3667,-4170
[8922 -3433 3450 -4413 7435 7760 -494 3498 1674 3365 1016 7551 443 7581 -9394 -5751 -1050],-1048,-4413,3365
[8597 -5990 -877 5524 5488 9638 -2292 2163 8627 -8302],14085,8597,5488
[6083 -7654 1746 2713],8796,6083,2713
[6888 -5864 -7478 -221],1024,6888,-5864
[9595 -3315 8542 9807 -9883 -5345 -8431 7026 -2803 4022 4187 4936 2662 -7110 4247 -7295 -194 -9110],3828,4022,-194
[-2481 4791 4976 -8114 -9493 -9107 -82],-11974,-2481,-9493
[9856 -5330 2785 7042 896 -3083 1939],7938,7042,896
[822 5213 6146 8576],9398,822,8576
[9831 -9712 -9842 -2291 -3842 5838 -6574 -5385 -8106 3485 -835 -5400 -1100 -4926 -580 -5671],8731,9831,-1100
[725 -9122 9161 -7206],9886,725,9161
[3139 8286 -4998 -5301 6954],10093,3139,6954
[4347 -9848 -7604 6879 -6888],-9,6879,-6888
[8684 -5987 974 -6861],-12848,-5987,-6861
[-6320 934 8574 1370 5116 -3544 -2725 8968 6975 7452 4776 4971 5923 2378 -3621 -2104],8301,5923,2378
[2101 -7870 8050 8325 2185 -9019 1571 -8213 -7244 7205 6222 3719 8340 4073 -1878],9306,2101,7205
[2262 724 8589 -3869 2928 9654 -6133 -833 8206 663 3808],-5470,-6133,663
[1875 -1504 2335 -190 3201 -2276 -3278 4106 8938 -132],12139,3201,8938
[6113 -7504 -9609 -2148 -9804 30 -5496 4169 9978 -2761 -778 7502 -6477 -6959],4199,30,4169
[4603 -4853 -4895 -2647 -5477 -9126 -3271 -9041 -2306 702 5986 -1402 6603 5769 7578 907 -354 -1734 6427 9413],5025,-1402,6427
[867 -722 3777 -4463 8050 -9299],-10021,-722,-9299
[-8054 -9689 2246 -9346 -6565 -6376 -4605 7971 994 -7083 -5199],-6089,994,-7083
[1272 -5403 8097 -5930 5540 777 4498 3309 -4075 -3297 2612 -9487 1286 4419 -3023],1122,-3297,4419
[-7312 -5129 -5562 983 2569],-4146,-5129,983
[778 -1484 8437 2907 -3375 8394 57 4831 242 -4402 -6348 6406 -2731 9030 8911 -4163],-1517,4831,-6348
[7119 5613 -3557 2281],3562,7119,-3557
[-985 -9061 -1685 4772 -3508],-4289,-9061,4772
[-132 -8281 -4151 -2957 -8709 6130 -4222],-12432,-8281,-4151
[-6735 5826 6416 5802 2023],7849,5826,2023
[-2901 -7988 6236 -2561 -8072 1610 -3270 8397 -5040],-10973,-2901,-8072
[-1134 -1793 6938 -4521 -4642 -1401 -2609 9328 -9039 -3416 3400 7067 6358 6568],-10832,-1793,-9039
[-4817 1809 1591 6044],3400,1809,1591
[7192 -1586 28 5282 884],-1558,-1586,28
[-5447 -4388 1955 3319 -5778 6756 -9908],-9835,-5447,-4388
[9349 -4798 116 -4264 -455 -5361],5085,9349,-4264
[-1582 -3649 -2817 2459 791 5992 -7641 3766 3257 4201 -9541 -26 1029 2425 5033 -8933 -7322 644],-16863,-9541,-7322
[-3482 9577 3235 2763 -5655 8508 5225 8076 -8243 -615 6763 3779],-13898,-5655,-8243
[8250 -3017 181 5113 -1514],8431,8250,181
[3424 7913 4042 2619 1842 7705 572 9874 6572 6870 -6478 -9842 -3047 3023 -5100 -4715 -5148 -1926],-673,4042,-4715
[9255 -4302 5587 5215],14470,9255,5215
[1930 -9591 5514 9864 4201],273,-9591,9864
[-9917 6119 -2350 -7964],3769,6119,-2350
[4694 -9830 1679 -4949 -1706 2552 532 4741 9692 -276 -9519 -1786 -9290 4637 5616 8376 628 -4332 -6832 5092],-11305,-9519,-1786
[-8912 -5707 -612 -7984 7663],-16896,-8912,-7984
[6950 -9314 -3265 8685 -5654 3860 8538 -6549 -2266 2168 -9278 7292 -7000 -1412 3436 -7608 -4428 672],2448,3860,-1412
[2756 -6546 -1616 8004 -7209 -956 -9706 -4224 483 -4438 -9245 -8656 2643],3239,2756,483
[-6453 -6917 -9488 3492 7720 7051 9359 -151 3596 3008 4792 3774],11494,7720,3774
[4733 2336 -2091 -7407 -5859 -6296 -4136 9332 8341 -6859],-2674,4733,-7407
[9091 -2676 -6242],6415,9091,-2676
[858 -1655 5646 1558 311 5816 -937 8479 6358 569 -3350],2127,1558,569
[-3543 5420 -6049 -6933 8965 -511 4721],-1513,5420,-6933
[-5479 -1959 -6242 -1638 5574],-8201,-1959,-6242
[-6719 -620 9664 4862 -7011 -3400 280 -8557 5000 -4809 -781 5451 -8417],53,4862,-4809
[9981 -1109 9750],8872,9981,-1109
[1619 2665 6217 6928],13145,6217,6928
[-3693 -1690 -3293 7720 4485 -5039 -1764 -5124 7604 887 9760 7506],8491,7604,887
[-334 7309 7655 -6894 2953 6916 -2670],10608,7655,2953
[-5373 -9209 8928 713 900 4494 -9691 -2903 -4312 -5799 -9124 -7209],-12582,-5373,-7209
[4267 -1830 4380 -3303 5188 -5961 3813 1899 -8852],-14813,-5961,-8852
[-6984 -5588 6430 -8268 8772 3425 -1055 -7422],-13010,-5588,-7422
[-2363 8509 8466 1741 -7760 8193 3958 -7545 9242 2244 -3528],648,8193,-7545
[9672 -3309 5741 -1444 -7699 2762 996 -965 -4330 5522 7936 -6514 5465 -4021 3998 -5684 -6575],-9705,-4021,-5684
[-6833 703],-6130,-6833,703
[-7030 2306 5359 7532 -9992 4518 9857 -9550 -75 -3632 6720 -2134 4771],-3272,-9992,6720
[7733 -8813 -2022 -9333 -637 -6525],-10835,-8813,-2022
[9452 394 773 9243],1167,394,773
[7746 813 -184 -7340 4378 -5662 5571 8642 6677 -939],-91,-5662,5571
[4732 7007],11739,4732,7007
[5372 3558],8930,5372,3558
[153 3312 -5500 9274 5278 2469 -2302 833 7906 1100 -9353 406 4113 9394 4683 -8500 6775 -2230],6111,5278,833
[8586 -2342 5930 -9321 3945],1603,-2342,3945
[1733 9828 -7642 -3738],-2005,1733,-3738
[4637 -4796 -8550 -2974 5613],-159,4637,-4796
[3013 3813 -8787 217 6018 449 -6709 6850 9734 8946 -6587 -510 5321 -7321 -5703 -9721 6893 -7041],-1720,5321,-7041
[-2659 8744 2267 7275 8551 -804 6515 3876 6113 -637 3224 3370 1285 8379 458 -1614 -861 3576 -2541 5065],10091,6515,3576
[-8083 -9575],-17658,-8083,-9575
[2663 5317 3162 -2841 2073 4757],321,3162,-2841
[-8482 -8803 6027 -436 -5866 9681 -2744 1487],3815,-5866,9681
[8827 6238 6733 -5077 -8153],15560,8827,6733
[-7519 -4348 -3884 4608 8385 -6218 -2076 6988 -8533 -6386 1870 6551 -895],-10566,-4348,-6218
[5832 3523 1851 -5323 7002 341],509,5832,-5323
[3711 3891 -2787 -6749],1104,3891,-2787
[-7575 -4370],-11945,-7575,-4370
[-2250 -2487 7624 3722 -1775 -8011 -347 -5049 -4855 -5916 2369 -2563 1324 5227 4707 -5393],-3304,-8011,4707
[-9762 -2642 2875 3813 8074 -4870 958 7176 5059 5009 -7776 674],-1968,-2642,674
[3953 1704 -5311 4618],-693,-5311,4618
[-1687 3465 5732 7846 -4342],-6029,-1687,-4342
[5833 -3956 -262 -7737 -25],1877,5833,-3956
[9970 9385 4917 932 -818 -4698],-5516,-818,-4698
[6507 6264 -8556 -6005 2828],259,6264,-6005
[1831 -1553 -1242 -1568 -7027 -7387 9004 376 -9991 8708 690 -153 8921 6845 -2216],9694,9004,690
[-1127 610 -5400 -5684 -6035],-5074,610,-5684
[2910 -9703 -4334 -4409],-1499,2910,-4409
[1753 -6436 -3000 4025 7117 -9432 6724 -808 1135 -6947],6309,7117,-808
[-6693 958 -7905 -5147 -9111 4538 8420],5496,958,4538
[-4760 -161 -3386 -3262],-4921,-4760,-161
[9879 22 1042 2881 -1622 -9381 -2574 -4702],-9359,22,-9381
[9633 -4000 7339 -772 8268 782 -1413 1970 -4581 2004],10238,8268,1970
[9418 -4089 8802 -8682 1105 759 -2373 4395],-11055,-8682,-2373
[7149 -2742 8435 -8960 -3971 7853],5111,-2742,7853
[-7383 8437 4124 8384 8603],16821,8437,8384
[5813 -6093 -3525],-9618,-6093,-3525
[-5974 -1350 -7253 -4629 -892],-13227,-5974,-7253
[-1577 943 -8140 -321 5589 8796 5013 1880 -6138 5935 -5995 -3625 5298 8932 -7746 -1925 -1200],11524,5589,5935
[3280 2181 9112 6586 -8789 -4376 422 1288 1964 5704 854 7502 5284 844 8280 981 -7105 8427 8697 1026],2990,1964,1026
[-6387 433 4055 658 -4495 -4294 9320 3366 -1810 -5344 2641 -206 -5397 6846],-1854,-4495,2641
[-6358 9887 7351 4456 -1574 -573 -8334 -2459 -8774 -4944 6088 2870 -9349 -8978 -153 4659],-13718,-8774,-4944
[5891 -57 -7028 -6969 2928 4518 -2974 9182 8655 3783 -9411 799 -5625 2513 -6182 2639 -4982 -5210 -5310],3030,8655,-5625
[7965 -4168 3386 9376 -5462 6134 -7944 -7642 6238 9812 -4275 5083 -1227 2423 -5101 8588 3419],-749,-4168,3419
[-3810 3103 -8286 8989 2857 -9464 1103 8093 8155 3390 5036 4259 -6443 -2783 4139 -8077 -2954 -1427 5704 740],-11069,-8286,-2783
[-9265 4204 -8631 4097 -4933 -5832 -4252 1588 -7277 -7505 2066 -4353 -7773 -4261 9690 -4209 -5931 -1698 -4440],-11529,-4252,-7277
[2547 9317 3983 -8448 -6209 -1882 3317 9330 -972 -2602 5435 -9058],665,2547,-1882
[-9045 -8592 2962 -7583],-16175,-8592,-7583
[6277 -9243 7297 9476 3333 -2296 -9151 9949 -8145 -3278 -5004 -1927 1271 8233 5900],8022,9949,-1927
[-6106 6515 -3187 -4346 7483 6230 -5192 7537 -244 -5496 -4662 2374 4511 -7166 -3488 334],3995,7483,-3488
[-4032 -6871 -9343 9563 552 -7486 -1895 -9170 6788],-6934,552,-7486
[5389 -3928 4334 -8284 -8377 3763 6194 -5948 2895 7607 452 8961 6980 5307 4739 -3054 8383 -2499],4455,-3928,8383
[-3201 6973 1974 4985 -5961 -6705 7358 -4607 1958 1462 4406 -1306],8820,7358,1462
[9958 -8006 -9024 4324 -8566 -7690 4281 8788 -1453 6588 1079 8627 -6874 6920 -153 -5747 -19],-397,-9024,8627
[-6097 -7013 554 1076 8659],-6459,-7013,554
[4577 -6569 -9655],-16224,-6569,-9655
[3931 -1107 3652 -9231 3872 5747 -6611 1149],42,-1107,1149
[8385 4412 4035 -4705 -7501 -1860 -6442 3180 -8195 1576 -6907 -6362 896 -871 -2331],2081,4412,-2331
[3323 788 9312 916 -1315 9063 -9979 5213 1913 7159 9798 1404 9093 7254 -3274 7712 -425 2922],7997,9312,-1315
[-9804 -5376 -203 8736],8533,-203,8736
[9750 8992 -7832 -1693 -6586 3782 -1292 -5861 -8175 6700 -2000 -8678 -6297 -6631 9974 7150 4304 3873 -2640],13532,9750,3782
[-3963 -6560 -6884 5984 899 -1704 3643 -4493 -7007 -4142 4487 -6937 2002 -6141 -4117 -3656 -4334 2648],-320,-3963,3643
[1939 -3638 -6354 -5462],-3523,1939,-5462
[2693 910 -6260 -2200],3603,2693,910
[-8751 -3285 9829 7223 2066],9289,7223,2066
[-6985 -5860 4575 3601 -5124 -230 -9614 5162 -2819 -2189 -8873],4345,4575,-230
[2417 9675 -8411 453 4129 8678 9446 4362 3765 5069 7930 778 -4190 -3941 -2320 -9076 5123 5131 -5683 5504],5584,453,5131
[-8836 8996 3670 -2867 -4044 -3199 6357 -2051 1691 -1890 1740 947],-2304,-4044,1740
[-9330 -5762 -1567 -1343 -1112 -3614 3394 -6370 9463 -5014 4397 8618 -7816 -4207],-9383,-1567,-7816
[-6270 7492 -6872 5791 8975 -1810 2251],8042,5791,2251
[-5210 9820 2685 5341 5263 7970 -6038 7978 9593 5924 6997 -6586 -3118 5127 -3918 -7224 7709 -5251 2781 -5700],-9156,-6038,-3118
[1566 -6748 5772 -6134],-12882,-6748,-6134
[6805 -7722 8547 1183 937],9730,8547,1183
[-5088 -7820 8725 -5924 7682 -7803 3155 -8385 7916 6407 -5437 -3310],-16188,-7803,-8385
[-827 -2598 1919 3256 -1276 8382 -6245 -5764 7994 9764 -1782 -3712 -5308 5818 -4069 1451 -4738],-6584,-1276,-5308
[-1821 6300 4755 -2369 4820 6823 -6209 8073 5525 -6847 73 8910 5014 -8111 -737],13665,4755,8910
[-8868 -5947 2300 1568 -8109],-14815,-8868,-5947
[-6254 5990 3850],-264,-6254,5990
[-7932 5264 -59 9957 -3291 4870 -2323 6193 5730 -3984 916 8505 -8752],4521,-3984,8505
[-5152 -671 4248 2240 -3385 -4159 8569 -7978 -2486 5 5538 6884 -1402 -6194 8671 814 -2204 2266 3314],-2571,-3385,814
[7125 -9332 -6382 654 -8958 -756 -2811 1606 -2831 -8700 4138 9494 1486 -4409 -4850],-10088,-9332,-756
[-4979 -5922 9320 -691],-10901,-4979,-5922
[-6302 8254],1952,-6302,8254
[-4006 -7486 -3962 -9923],-13929,-4006,-9923
[1350 8432 -749 -1480 -6321 9718 9614 6032],4552,-1480,6032
[-4301 4966 9887 -7968 319 6907 -6042 8504 231 7536],-7737,-7968,231
[-5032 3910 -2225 -6789 6106 7582 -4652 7892 -4909 -8547 2540 -2696 -4734 -6661 9772 -6472 3058 1151 6418],-7257,-5032,-2225
[-2092 -2785 -2786 -568 -7118],-7686,-568,-7118
[5123 1409 4007 1482 8113 3564 -3157 3088],-69,-3157,3088
[-949 -5049 -7324 3418 -3944 -2432 2043 -9863 7118 -132 6129 1896 -3907 -8643 -9742 -6740 -2074],-19605,-9863,-9742
[-5723 4225 7871 2237 -6209 1658 -2121 2928],6462,4225,2237
[-3930 -9275 2303 -8914 8367 -4240 271 -453 -8160 7012 -218 3711 9129 8021 -4921 -78 6678 9064 7488 1414],-13205,-3930,-9275
[-1938 -7319 -6163 -584 786 1946 -2120 -5200 6194],-1125,-7319,6194
[4983 -9340 8917 -6796 4240 -4596 7890 -6344 80 7333 2452 -4353 4301 -3464 8763 -3174],7435,4983,2452
[6649 -1388 -4573 -6524],-7912,-1388,-6524
[8063 4600 -7371 1413 451 -7989],5051,4600,451
[-6886 -6907 -5415 5140 9944 5688 7441 6824 -1893 6231],13055,6824,6231
[-552 -3241 8971 3449 -8510 4267 3921],208,-3241,3449
[-6920 7309 3119 -995 573 6259 -5996],263,6259,-5996
[-9416 5195 -4318 6150 5822],-4221,-9416,5195
[-363 -1883 -943 1304 4455 -1985 -574 -7010 -4696 -9232 9910 -6504 -638 9192 5525 7505 -8341 9118],-7373,-363,-7010
[-7023 -5589 -354 -8522 -9789],-18311,-8522,-9789
[-2084 6973 -5423 -3270],1550,6973,-5423
[-8875 4363 -3154 2246 -9966 3156 5994 3899 461 2339 3441 -2735 -3915 9611 1623 8689 -1503 1224 4046],-6525,-9966,3441
[-5988 7588 -6540 -3549],4039,7588,-3549
[-2287 -943 9626 2059 -4916 -3798 3711 8171 -2154 63 -8770 -3169 -4629 7208 7951 7698 2457 7264 -9],-3807,-3798,-9
[7410 9635 9825 1563],17235,7410,9825
[6311 5017 2905 -4010 7823 -7840 -4200 5909 6944 4265 -4273 -4102 5115 3798 4491 -954],10728,2905,7823
[-5231 -9427 -8516 5874 4888 6204],12078,5874,6204
[-6006 -8263 -1251 -8216 -2058 -4995],-10274,-8216,-2058
[2206 5637 -1254 -3604 -8424],7843,2206,5637
[189 -8638 7204 5984 -4303 3618 6044 -4447 -9558 -8940 -8248 -1680 5735 -8377 -1043 -2178 -7612 7769 -443 -4941],3466,-4303,7769
[-7725 8742 4550 2785 933],-6792,-7725,933
[-8981 6197 -5842 -3374 6269 732 9883 9880],-2784,-8981,6197
[9223 -8020 8831 -5150 -6874 5640 -9214 6411 -2614 -3396 -3451 7232 -6995 -3339 -6337],1836,8831,-6995
[-5296 2151 5778 -3566],2212,5778,-3566
[-5922 -8267 -4863 -2838 -1295 -2043 3131 -4560 2312 -835 6982 -9168],5443,3131,2312
[-4141 -5930 -4019 4789],-10071,-4141,-5930
[4837 5361 -1581 -5631 -2916 6044 -9461 -5872 -3348 -2689 6258 -1094 9468 4146],-4624,4837,-9461
[-9640 7726 -3013 9095],16821,7726,9095
[-3084 2642 -6180 2672],-3538,2642,-6180
[-8161 2870 388],-5291,-8161,2870
[-9437 -1431 -8339 -8220],-17657,-9437,-8220
[-5742 -5867 6973 6281 2647],-11609,-5742,-5867
[-5793 2501 1227 9548 9055 -9336 -5913 8250 -6740 -8000 -1139 3363 -8101 6523 -4653 8902 9769 -9305 -5001 -4127],-217,-6740,6523
[4951 8357 6536 7126 -3445 -8905 6647 2624 -3910 -4918 -7647 8354 -335 -4429],-7874,-3445,-4429
[-6099 -6579 2277 6206],-12678,-6099,-6579
[-8105 -5512 -9252 -2791],-10896,-8105,-2791
[-4443 9513 -7060 3196 -2795 -736 -1105 -9025 -1893],-11820,-2795,-9025
[7610 3426 998 -1019 -7173 9243],12669,3426,9243
[7182 6968 1804 3708 2636 -7111 -2765 -7808 -4542 5852 8086 -2420 4766 -5575 -6220],2426,6968,-4542
[-4876 7705 -8268 -7153],-12029,-4876,-7153
[-2597 9508],6911,-2597,9508
[5637 -9395 -5607 -1662 -2066 -4824 -2788 4893],30,5637,-5607
[4426 6480 169 554 3115 1958 1018],5444,4426,1018
[-7158 9728 -1975 -5472 1029],2570,-7158,9728
[-8137 -9322 4746 180 9927 1894 1934 5077 -5106 6531 -5549 -7239 -9453 -2090 6500 6146 6585 8850 -7830],-1093,-7239,6146
[297 -2680 2471],-209,-2680,2471
[4912 7909 5363 -1801 -6714],12821,4912,7909
[-4063 6980 -2989 1536 9349 7817 -448 6180 7779 4470],15596,7817,7779
[-8604 6580 8322 9827],16407,6580,9827
[-8322 6674 6061 -7141 5752 9452 1213 1883 5915 -1275 -4026 2222 1074 6844],8557,6674,1883
[-1712 2010 -791 4201],6211,2010,4201
[-6404 -268],-6672,-6404,-268
[-6726 8207],1481,-6726,8207
[9560 -1458 -8361 4243 -5864 -9090 -9588 -4325 -2080 -2829 -1412 -4987 6419 -7950 -7699 -64 -3507],-4919,-1412,-3507
[8976 4163 -7619 -1325 976 2149 7702 266],13139,8976,4163
[3126 -7054 2169 -3509 6632 4866 -946 4053 -766 -990 -2678 -3332],7035,2169,4866
[-9319 5105 -2583 6394 -3020 -4936 -5555 -2464 -9059 6295 -1129 1419 6239 -2185 4374 8234 9492 -9482 6942 1803],5651,-2583,8234
[-6212 -2483 -2911 -3510 -5225],-8136,-2911,-5225
[-3088 -61 -9296 -2403 -9423 -8784 4118 -7232 6618 -9311 7699 4478 -6543 2429 4027 -5021 -2824],-6994,-9423,2429
[5619 9618 -5414 -8800 3599 -6052 -7360 6039 -2356 -6531 7481],11658,5619,6039
[7466 1574 -8994 9539 880 -8291 281],8346,7466,880
[9260 2950 -9997 -4514 8846],-7047,2950,-9997
[-1674 -837 -4092 -5008 -7340],-5766,-1674,-4092
[-7346 -62 8321 -7709],-7771,-62,-7709
[-2873 -344 -8080 -8583 -5501 8043 3287 -3557 9111 2016 -9317 5663 3700 -3935],3610,-5501,9111
[5941 -6414 6116 4268 -461 5871 -1426 -107 -4607 -4569 3019 -6488 5291 -7634],4690,6116,-1426
[-5162 4548 6401 -1336 8755 6633 -9841 7865 -4595],1471,-5162,6633
[2655 -1220 4265 -221 -4125],-5345,-1220,-4125
[5010 456 3096],8106,5010,3096
[-7854 -1526 -4233 -5719 -1262 -4473 7777 6099 8867 -7021 -7344 -9165 -8531 6177 -3985],-15198,-7854,-7344
[5947 -1713 -3313 5283],3570,-1713,5283
[7242 -3555 4244 -8052 9749 2441 -2721 940 -8147 4249 -7039 7341],-10773,-8052,-2721
[3854 -8586 -1499 4067 -9890],-4732,3854,-8586
[-8892 -3113],-12005,-8892,-3113
[-3060 5951 6864 8417],3804,-3060,6864
[8483 8801 1191 -4569 -8316 -6865],167,8483,-8316
[-6788 -6247 9012],2765,-6247,9012
[-791 6177 -5772 -9440 -465 -2495 442 4899 -7779 -8389 -5574 707 -4818 3878 6649 -1409 500 -9720],4768,6177,-1409
[-9305 9826 -5016 9504 -1210 9690],4810,9826,-5016
[6384 3310 6695],10005,3310,6695
[9467 -3335 -2795 -4886 6538 -8528 -6815 4027 7577 -4164 -1271 7474 -4696 2544],-4606,-3335,-1271
[6958 -1294 4899 8869 -1930 -8893 6881 -244 -4398 -4430 -8363 -1895 1504 5684 4817 1420 4051 9335 -6437 -3408],7575,-1294,8869
[2593 -5624 -7575 2634 3245 -636 -8490 -9567 245 4861 265 -8244 1762 9916 7657 -5309],-10933,-5624,-5309
[3979 7136 -8630 198 -7328 2114 9687 679 -317 -2178 -9861 -8762 5475 -5708 2462],5673,198,5475
[-7166 -442 -6094 -2225 3706 -9922 6868],-12147,-2225,-9922
[4173 -653 -8668],3520,4173,-653
[9689 -4023 -9241 -548 -4899 2948 9489 9004],448,9689,-9241
[-202 -6587 -3741 -3397 -4497 4248 64 743 878 1492 -3233 -9990 -7811 -5263 -3440 7647 5988 -1320],-11208,-3397,-7811
[-8324 -3268 7340 -8572 5982 -7473 -8091 -6007 6544 -2863 -8721 1474 12 -8920 -1589],5751,7340,-1589
[-262 1006 7253 -9890 -2192],-2454,-262,-2192
[-6668 2922 -8013 -6404 -6321 2902 -6967 7024 2226],-3766,-6668,2902
[-3551 -3821 5323 -9776],-13327,-3551,-9776
[601 -596 -4406 -6770],-5002,-596,-4406
[-4519 -4467 -1996 -1421 -719],-5940,-4519,-1421
[-2329 8797 -1743 -4587 1897 8886 -569 8029 4381 9255 833 -5640 -8673],6926,-2329,9255
[-499 -5933 7522 4550],4051,-499,4550
[5782 -7432 -2219 6197 -7231],-1650,5782,-7432
[-3449 -1198 -9869 6816 -2234 -852 -654 -1041 3428 -8623 1992 -8590],6162,6816,-654
[-3821 7300 -7727],3479,-3821,7300
[4732 2841 -4239 1946],6678,4732,1946
[-7568 -4207 2850 1074 -5143 9947 8362 -4828],-12396,-7568,-4828
[-4088 1802 714 3990 -7976 -8905 1731 6699 -5695 5908 -8155 -2678 6461],-6245,-7976,1731
[8715 5878 -1530 3480 -3146 2729 -3057 3042 -6588 -2348 5508 -1453 -9742 5515 -3270 6964 -9667],11757,8715,3042
[-8699 8888 4427 -3251 -4242 2137 -6016 415 -8579],-7493,-3251,-4242
[520 -24 5681 -591],5090,5681,-591
[-7109 -5557 -2163 -4346 -6470 -3824 9444],-10933,-7109,-3824
[8412 -2574 -8493 7507],-986,-8493,7507
[5954 -4716 3730 5448],1238,5954,-4716
[-2737 -8875 -4620],-11612,-2737,-8875
[-7630 -9985 -5800 3446 4733],-2897,-7630,4733
[3525 5857 9930 -2678 5286],15216,9930,5286
[-7358 -6879 4761 492 7227 -282 -9486 -7265 -9960 6779 -5474 1342 2731 7810 -848],-100,-6879,6779
[5358 -8933 -7087 -1690 1258 4078 -8215 -3690 4294 1577 -693 -8429 4310 7307],-7780,-7087,-693
[-1859 9331 -7692 -40 -4347],-6206,-1859,-4347
[8595 -7865 7603 -5440 -1075],-262,-7865,7603
[-3744 5603 4292 -1154 -1561 8725 6634 1632 804 2313 2203 -6050 -9753 5822 -3435],2078,-3744,5822
[2793 -3867 -299 -5635 -6348],-9502,-3867,-5635
[812 -4579 3118 3793 -5038 6203 121 -5339 -1798 5542 9869],-2221,3118,-5339
[8924 9842 7166],17008,9842,7166
[-6764 8644 1596 -5515 243 -7984 -3733 8718 1972 933 -5865 7996 8746 -5559 8111],-4792,-6764,1972
[-6922 -5452 2581 -9497 -3455 8090],4635,-3455,8090
[-7147 -9085 903 -5739 5827 983 1678 8014 6230 -2334 7957],7213,983,6230
[1777 335 4649 -7548],-5771,1777,-7548
[1811 -4150 -7225 846 579],-6646,-7225,579
[2869 5808 -4030 -5147 5234],11042,5808,5234
[-1302 -7379 -9989 -4954],-12333,-7379,-4954
[5673 -5496 4796 -5725 8366],10469,5673,4796
[-6294 5987 4109 6409 9471 -3708 -1869 6025 -4006 -6500 -9164 -8711 8278 -1912 1835 -6476 -9023 1021],-891,-1912,1021
[-7178 8722 -4380 8616 -9229],4342,8722,-4380
[4043 -3512 7693 6778 2041 -6852 -622 999 1943 -663 -9178 7024 5518 1211 5940 5720 -795 -4793 -5500 4452],11476,7024,4452
[-8755 -7698 1630 383 6150 -3322],-11020,-7698,-3322
[-2754 -2345 9734 -5218 -7847 7733 193 4862 -6352 7088 -2247 -3883 4593 4622],9927,9734,193
[3084 -814 -4563 -3529 -4112 4208 -6233 -7783 5038 6288 -4426 511 2320 -1146 8113 4107 1010],-3149,3084,-6233
[-2768 6840 -2002 -6675 2889 -2783 -7581 6481 5491],-194,-6675,6481
[2058 -6090 1425 315 4711 3993 -6363 -9161 -445 -423 7704 594],-868,-445,-423
[-7338 4034 284 2281 4584 2360 -8704 -233 -4440 -4580 -7748 7945],4351,4584,-233
[9124 -144],8980,9124,-144
[-2097 -6888 4884 9343 -6634 -7134 -6461 957 -6246 1766 -8782 2886 1652 6977 -3356 8892 937],2882,9343,-6461
[-6446 4156 -4650 -8492 -8909],-17401,-8492,-8909
[5934 -7886 -1579 1763 7908],4355,5934,-1579
[-5116 1877 3129 -9427 2585],5714,3129,2585
[-7209 -3387 -5696 7956 -6893],-9083,-3387,-5696
[8414 9670 8934 4581 9710 1903 3498 3700 4513 3789 -8764],8370,4581,3789
[1190 -4141],-2951,1190,-4141
[-3356 -9671 -6425 5601 -3340 -5361 -3462 -3028 798 1362 -4003],2573,5601,-3028
[3836 -5499 -4329 -6020 -8725 3261 6150 -3840 -8688 9427],9986,3836,6150
[3760 -4732 -4850 6375 -5323 9825 4458 923],-10055,-4732,-5323
[9062 2171],11233,9062,2171
[3148 9304 -9633 3415 -3678 -9169 7590 -4570 9724 3651 -2021 5668],9083,3415,5668
[-9561 7420 -1494 464 -217 9341 5670 -4635 8855 9525 7644 9416 -4056 -5195 6321 7697 -9749 9462 -7542 8495],-4079,5670,-9749
[657 -9319 3198 2996 -4953 -6603 7187 9643 8249 856 -3200 445 9161 -8115 -6077 -8022],1528,9643,-8115
[-7326 -2784 -661 9569 -5641],-12967,-7326,-5641
[-8158 8639 8508 -6830],350,-8158,8508
[-9779 -20 262 -5729 -9538 7752],-9517,-9779,262
[9966 8487 -253 -867 -9974 -7954],-10227,-253,-9974
[-1549 -2503 5460 3904 9414 9261 1835 8479 -175 -5494 -6592 -698 3354 4294 3704 813 -2613],7295,5460,1835
[8189 -2984 -4655 5350 7070 3074 9172 5039 9905 -4602 -9437 9658 -390 -386],2684,3074,-390
[1511 9850 -9562 -954 -1400],-10962,-9562,-1400
[2110 -9798 1733 3532 6627],3843,2110,1733
[-2133 -4960 5370 1570 -6714 2083 -9676 1299 5456 -4533 -5015 6613],7912,1299,6613
[6763 6490 -3659 3186 1063],4249,3186,1063
[-5658 2295 -9300 -5480 -474 -7002 8670 3900],12570,8670,3900
[6686 -2713 -665],3973,6686,-2713
[7358 8760 -3559 5927 -159],3799,7358,-3559
[9780 1942 -2983 1793 53],-1190,-2983,1793
[1557 2483 8966 -7603 -4820 -691 5050 -5808 9803 788 6757 3729],7545,788,6757
[-8934 7869 -2630 8465 7287 268 -6924 -9717 -1543 -3558 7796 6110 7511 -2946 1080 -9554 -8487 2980 6169 7959],2611,-3558,6169
[-4373 6595],2222,-4373,6595
[1640 -4117 -4602 7546 2966 -993 3881],4606,1640,2966
[6372 2293 7844 8594 9453 -8192 523 -8605 -7889],18047,8594,9453
[-8380 1378 -5694 1297 -2997],-7083,-8380,1297
[-3859 7239 2309 130 1902 2680 5041 -4247 -7081 5689 -6566 -8866 -2182],5057,7239,-2182
[2791 8300 -6809 2802 -9776],11091,2791,8300
[-5966 -9255 -5723 -8494 -2507],-17749,-9255,-8494
[7037 -4612 159 -5075 7204 4625 3578 -6771 -1097 1621 6198 1427 -6725 -5227 -2582 -4081 -1960 2296 2698 2541],-286,-2582,2296
[1614 6944 4742],6356,1614,4742
[8249 6987 4750 -9027 -3421 -8312 8415 -4273],-7694,-3421,-4273
[-4195 -3895 4358 -9751 1667],-2528,-4195,1667
[9204 -8436 -5397 -2646 -6778 3789 5257 -8403 -7495],-15214,-8436,-6778
[4110 2204 -5454 -7609 -7701 -3662],-3250,2204,-5454
[1207 -2062 -4935 5312],377,-4935,5312
[-934 -6593 3175 -6770 6273],-7527,-934,-6593
[4028 -7737 311 -8306 7488 -8368 -4200 -9768 6532 -9239 -8478 9916 7896],-1205,-7737,6532
[6173 -6783 5957 -6754 -5169 -1449 -9624 -8519 -7078 -8934 -4887 409 964 2017 1382],-6336,-1449,-4887
[-5703 -3632 7441 -7299 8074 9104 -1334 -6904 5240 -4301 -4467 3042 -7736 4696 6412 5241 8821 9196],775,-7299,8074
[5223 990 -8607 1739],-7617,990,-8607
[8955 -4873 -369 2141 -7539 1219 -8104 -2167 -7235 1493 9579 7317 6522 3236 2185 -3353 6415 -3462 -3085 1179],5870,8955,-3085
[-6351 6404 -5930 3879 -5171 -9064 5062 -9993 3147 4691],-14994,-5930,-9064
[-8696 -9715 -2449 -8603 -7615 -4911 -3547 -9429 9470 -3117 -494 -3326 2169 8996 8212 7739 -2917 -6030 -1692],-9923,-9429,-494
[-3894 9255 2406 2689],-1205,-3894,2689
[-8686 9428 2361 -8485],11789,9428,2361
[1594 9718 7729 2979 -850 -2187 -6570 -6286 -8439 -8388 6173 5966 4589 -6211 -9431 -8198],-15009,-6570,-8439
[8944 -7623 7939 -4484],316,-7623,7939
[-7988 8138 4719 2794 9664 9937 1896 8146 -369 1132 -6096 2611 -7959],3926,2794,1132
[3979 -8517 448 5011 -882 5488 3423 -388 5185 -5920 1256],-7261,-8517,1256
[3731 9563 -9786 4419],13982,9563,4419
[-6357 -582 4065 5889 373 -8840 -4217 7002 3213 7751 6312 8301],11067,4065,7002
[-3780 -4279 3518 4670 4089 2123 470 4095 -9185 -705 -611 -7290 -4441],-184,-4279,4095
[6535 3520 7864 4177 -1393 3147 4814 5312 3981 -4847 -5170 -6332 -9935 -4005 -6167],-8852,-4847,-4005
[396 -2702 9271 7682 9759 5590 9998 -4830 -1720 -7951 9452 6422 370 -5569 -626],13272,7682,5590
[637 -7032 5924 416 -7828 -6741 1535 -8309 4691 -6641 6469],-6395,637,-7032
[-10 775 -4411 -9168 -3644 -5600 -8909 9556 8903 4512],9678,775,8903
[-1983 7690 6167 4174 3807],13857,7690,6167
[4611 6355 1227 -4942 8272 -6738 6796 -1306 -9905 -3356 -3559 7633 984 2145 2513 -1478 3456 7535 3946],12218,8272,3946
[-6671 6813 -4802 -9931 -2307],-7109,-4802,-2307
[6455 -8915 -9617 8768],-147,-8915,8768
[-8125 2021 8021 9114 7517 -1757 975 7216 6398 4507 406 1697 3412 -6468 97 -4474],2118,2021,97
[-6764 80 -4123 -5418 1958 -463 7657],-12182,-6764,-5418
[-2464 5887 7222 5949 -2949 -1307 -6177 9824 -3499 7731 -1341 6526 -6988 -6464 2040 -818],4580,5887,-1307
[1504 -6539 -5033 6816],-3529,1504,-5033
[3278 4261 2942 8049 -9798 -3895 5786 2503],-1749,8049,-9798
[-1409 -3607 -895 -8063 7879 -4373],-184,-8063,7879
[-6899 8859 -573 4457 991 7601 -4779 6809 3110 -1185 5047 -9721 4678 7917],13316,8859,4457
[-571 -7754],-8325,-571,-7754
[981 -8271 -7812 571 -3059 -3709 -8047 -9059 2931 5846 -8136 980 -3454 1654 2773 -5287 -4520 6433 2049],-17195,-9059,-8136
[6488 351 2161 5504 1416 2124],2475,351,2124
[-8056 -586 -6565 1796 9018 8412 5795 1847 -3969 -3052 3949 -5944 6299 3845 -7088],17430,9018,8412
[-5504 -9812 5298 -3793 -4992 -1490 -2257 -7698 7520 6893 -9430 -6726 9676 3628 -230 2280 2285 9190 -8969],-1513,-3793,2280
[311 -4092 -6861 7914],8225,311,7914
[-5518 3352 -7996 2946 5116 3871 3653 -6661 4562],-1865,-5518,3653
[8054 -4683 3687 -8897 648 -4819 4799 -4733 8511 7534 -9744 5449 7142 -2762 2775 -4576],-9552,-4819,-4733
[1156 -905 2230 -8660],-7504,1156,-8660
[755 9750 9456 -5095],19206,9750,9456
[2917 -5633 -8714 -3317 1693 8786 -9575 1353 2454 1120 1067 624 -8543 2983 -4800],-15208,-5633,-9575
[-3122 7703 -4467 -1983],4581,-3122,7703
[8282 -2225 -1481 5709 2556 -4607 790 666 9884 -6116 -5002 365 -5990 4394 7660],12054,4394,7660
[-2969 4471],1502,-2969,4471
[-295 -128 3811 -2667 -7541 -6016 1610 719 -2019 -3030 -2557 -946 -9585 4117 1662 5027 8393 -5161 4502 -3963],-3158,-128,-3030
[9883 -7692 -6455],2191,9883,-7692
[-3960 -821 1280 -6155 -9334],-13294,-3960,-9334
[-9323 -792 -2224 -3012 -1314 8694 2154 -7768 3362 -7557 7635 -6016 -8377],16329,8694,7635
[8466 2590 9682 7380 -9880 -6997 -8838 1849],-7290,2590,-9880
[2175 -9582 1774 -4116 356 1531 -3146 6432 3265 6167 -9204 -1882 -3768 4465 -7230 2173],119,-3146,3265
[779 2159 9750 4998 5980 1634 214 4739 -5591 -5349 592 -8375 -6399],1375,9750,-8375
[9264 -6276 -1274 -9169],95,9264,-9169
[5887 8693 -8541],14580,5887,8693
[-1419 3651 3713 5710 3304 -3910 8696 1956 -5399 -8220 -8099 -1782 -7099 -3994 1038 7004],3297,8696,-5399
[-852 -1879 9390 2148 -7800 -3739 9849 8003 -5068 -8384 7103 -9802 -2381],6124,-1879,8003
[9209 -1328 1986 4588 -4787 -9039 2116 -7463 1704 4124 3352 2916],-4547,-7463,2916
[9290 -2131 -4718 -4982],7159,9290,-2131
[-4524 -9951 -4937 3555],-6396,-9951,3555
[-1479 6667 -791],-2270,-1479,-791
[-6651 4748 4362 89 -4638 8901],2250,-6651,8901
[-5523 -7453 7185 1408 -2318 -5368 -1156 5165 752 7825 3 -8467],1662,-5523,7185
[-1720 -8813 -5191 3080 7077],10157,3080,7077
[-6829 -1297 3633 -8430],-4797,3633,-8430
[1210 -1991 -6119 8698],-781,1210,-1991
[-7787 -8865 -8372 4935],-17237,-8865,-8372
[-7803 4494 -2812 -1209 -9484 8815 -2323 3314],-3309,-7803,4494
[9420 7953 -938 6279 4704 6556 -2569 2606 -6524 -3786 -1936 4016 3275 8974],4343,6279,-1936
[-5566 -9282 4841 9864],-725,-5566,4841
[8887 -6157 -1070 5380 -5000 3796 -5166 2093 -5820],3067,8887,-5820
[5309 9218 -8095 6338],15556,9218,6338
[4780 11 8026 5428 2102 3899 -8489 1849 83 -7459 1703 -5587 -6531 -6699],-3485,2102,-5587
[-4696 -7898 -9864 5452 -5406 5623 8743],-2446,-7898,5452
[1994 -6849 -9818],-16667,-6849,-9818
[5138 8225 9883 -4386 5639 4237 5530 9399 7176 -6737 -9893 -8427 2688 7779 4540 9096 692 5400 1040],14626,5530,9096
[8554 -8669 -7557 7767 -7335 -8817 -7872 5271 2392 -1258 7086 -5989 -4206 -8867 2465 6456 3306],-900,-4206,3306
[-4683 -3660 604 -2111 -6778 -2290 2602],-8343,-4683,-3660
[8690 3738 3386 3844 -8564 8615 4271 8992 -8547 6605 -2854 -898 2161 -941 4739],884,3738,-2854
[5029 7181 -6535 -4927 -5154 -1156 9949 -1355],-11689,-6535,-5154
[-8674 -6411 -3785 -4854 1895 5813 4781 6318 1130 -5613],-832,4781,-5613
[709 1680 -8981 -6539 -6687],-13226,-6539,-6687
[7154 3340 4413 7088],10494,7154,3340
[2080 6320 3194 1725],8045,6320,1725
[-6911 -1024 -8081 -4954 4765 -8197 1937 9546],-9221,-1024,-8197
[-378 -6478 7534 -3591 -3660 -541 -6477 6573 9656 -6788 -7390],-7329,-541,-6788
[-7159 -3096 -1473 9343 -6230],-13389,-7159,-6230
[-2189 -6570 -2983 -8348],-8759,-2189,-6570
